id	assetCode	windowTimestamp	dataType	systemVersion	buzz	relativeBuzz	sentiment	optimism	fear	joy	trust	violence	conflict	gloom	stress	timeUrgency	uncertainty	emotionVsFact	longShort	longShortForecast	priceDirection	priceForecast	volatility	consumptionVolume	productionVolume	regulatoryIssues	supplyVsDemand	supplyVsDemandForecast	newExploration	safetyAccident
mp:2017-08-14_10.00.00.News_Social.COM_ENM.ALU	ALU	2017-08-14T10:00:00.000Z	News_Social	2.2.19	1452.2	0.050170	0.005165	-0.007919	0.002066	0.001722	0.006025	0.011362	0.006197	0.010329	0.043038	0.011362	0.032709	0.107905	-0.017215	0.000000	0.023413	0.000689	0.049029	0.000689	-0.053023	-0.000344	0.042005	-0.002754		
mp:2017-08-14_10.00.00.News_Social.COM_ENM.BIOF	BIOF	2017-08-14T10:00:00.000Z	News_Social	2.2.19	15.5	0.000535	0.322581	-0.064516					-0.096774				-0.032258	0.008065					-0.032258	0.000000			0.129032	0.000000		
mp:2017-08-14_10.00.00.News_Social.COM_ENM.COA	COA	2017-08-14T10:00:00.000Z	News_Social	2.2.19	2079.5	0.071842	-0.113489	-0.002645	0.004809	0.003366	0.003006	0.048810	0.020197	0.030777	0.064919	-0.011541	0.014427	0.144794	0.006492	0.000481	-0.011060	0.000962	0.027218	-0.000962	0.004568	0.005530	0.012022	-0.000962	0.001924	0.000481
mp:2017-08-14_10.00.00.News_Social.COM_ENM.CPPR	CPPR	2017-08-14T10:00:00.000Z	News_Social	2.2.19	1116.9	0.038586	0.144149	0.010744	0.005372		0.003358	0.010744	0.020593	0.017011	0.021936	-0.000448	0.031784	0.141038	0.015221	0.007163	0.068493	0.000000	0.030800	0.000000	0.002686		0.013878		0.001791	0.001791
mp:2017-08-14_10.00.00.News_Social.COM_ENM.CRU	CRU	2017-08-14T10:00:00.000Z	News_Social	2.2.19	7087.9	0.244870	-0.139534	-0.014250	0.009453	0.000705	0.005273	0.007760	-0.001411	0.026242	0.061231	-0.011498	0.021233	0.108622	0.002963	0.000141	0.001905	0.000071	0.030672		-0.001693	0.000282	0.003316	0.000282	0.000564	0.000141
mp:2017-08-14_10.00.00.News_Social.COM_ENM.BIOETH	BIOETH	2017-08-14T10:00:00.000Z	News_Social	2.2.19	20.0	0.000691	0.000000				0.025000		-0.050000			-0.100000	0.050000	0.062500					0.050000				-0.050000	-0.100000		
mp:2017-08-14_10.00.00.News_Social.COM_ENM.MOG	MOG	2017-08-14T10:00:00.000Z	News_Social	2.2.19	583.3	0.020152	0.073718	0.041145	0.011143	0.010286	0.001714	0.019715	0.000000	0.003429	0.031716	0.009429	0.004286	0.070161	0.006858	0.001714	0.005143		0.037374		0.012858		-0.113149	-0.104577	0.005143	
mp:2017-08-14_10.00.00.News_Social.COM_ENM.GOL	GOL	2017-08-14T10:00:00.000Z	News_Social	2.2.19	7448.8	0.257338	0.000134	0.020742	0.007384	0.024970	0.004850	0.028729	0.003490	0.024769	0.079342	-0.002752	0.021279	0.170722	0.004766	0.001208	0.006444	0.000537	0.036596	0.000537	0.006310		-0.020205	-0.005169	0.005840	0.000403
mp:2017-08-14_10.00.00.News_Social.COM_ENM.HOIL	HOIL	2017-08-14T10:00:00.000Z	News_Social	2.2.19	1.0	0.000035	-1.000000											0.250000												
mp:2017-08-14_10.00.00.News_Social.COM_ENM.IRN	IRN	2017-08-14T10:00:00.000Z	News_Social	2.2.19	1760.9	0.060835	-0.284514	-0.014481	0.013629		0.002556	0.043160	0.025271	0.039185	0.086603	0.004543	0.006815	0.143691	0.007383		-0.010790		0.030893		0.001704		0.051678	0.004543	0.001136	
mp:2017-08-14_10.00.00.News_Social.COM_ENM.JET	JET	2017-08-14T10:00:00.000Z	News_Social	2.2.19	7.2	0.000249	0.277778											0.166667					0.027778				-0.138889			
mp:2017-08-14_10.00.00.News_Social.COM_ENM.LNG	LNG	2017-08-14T10:00:00.000Z	News_Social	2.2.19	203.0	0.007013	-0.172414	-0.009852	0.009852		-0.012315	0.024631	0.071429	0.039409	0.049261	0.034483	0.049261	0.176108	0.004926	0.004926	0.000000		0.009852	0.009852	0.009852		0.002463			0.039409
mp:2017-08-14_10.00.00.News_Social.COM_ENM.NAP	NAP	2017-08-14T10:00:00.000Z	News_Social	2.2.19	44.0	0.001520	0.227273	0.045455		0.045455	0.136364				0.045455			0.181818					0.272727							
mp:2017-08-14_10.00.00.News_Social.COM_ENM.NGS	NGS	2017-08-14T10:00:00.000Z	News_Social	2.2.19	669.3	0.023123	0.013447	0.020917	0.001494	0.002988	0.004669	0.019423	0.004482	0.040341	0.049305	0.021664	0.014941	0.131182	0.007470	0.001494	0.000000		0.030330	0.002988	0.035858		-0.006723			
mp:2017-08-14_10.00.00.News_Social.COM_ENM.NKL	NKL	2017-08-14T10:00:00.000Z	News_Social	2.2.19	365.0	0.012610	-0.132877	0.002740	0.002740	0.008219	0.024658	0.016438	0.019178	0.068493	0.101370	0.087671	0.013699	0.176027	0.002740		0.000000		0.049315		0.010959		0.032877		0.001370	
mp:2017-08-14_10.00.00.News_Social.COM_ENM.NSEA	NSEA	2017-08-14T10:00:00.000Z	News_Social	2.2.19	284.0	0.009812	-0.413732	0.007042	0.056338			0.014085	-0.042254		0.066901	-0.035211	0.007042	0.141725	0.007042		-0.063380		0.029930				-0.049296			
mp:2017-08-14_10.00.00.News_Social.COM_ENM.PALL	PALL	2017-08-14T10:00:00.000Z	News_Social	2.2.19	15.5	0.000535	0.258065	-0.064516					0.129032		0.129032	-0.064516		0.201613	-0.064516				0.032258							
mp:2017-08-14_10.00.00.News_Social.COM_ENM.PLAT	PLAT	2017-08-14T10:00:00.000Z	News_Social	2.2.19	305.0	0.010537	0.039344	0.118033		0.118033	0.000820	0.009836	0.016393	0.036066	0.039344	-0.019672	0.008197	0.213115	-0.003279	0.003279			0.014754		-0.026230		-0.013115			
mp:2017-08-14_10.00.00.News_Social.COM_ENM.RAREE	RAREE	2017-08-14T10:00:00.000Z	News_Social	2.2.19	140.0	0.004837	-0.092857	0.007143		0.007143	0.001786	0.014286	0.014286	0.014286	0.157143	0.035714	0.028571	-0.001786			0.007143		0.010714		-0.085714		0.257143			
mp:2017-08-14_10.00.00.News_Social.COM_ENM.SLVR	SLVR	2017-08-14T10:00:00.000Z	News_Social	2.2.19	792.5	0.027379	0.049842	0.080757	0.006309	0.056782	0.009621	0.051104	0.003155	0.023975	0.032808	0.019558	0.015142	0.195931	0.016404	0.008833	-0.006309	-0.001262	0.040379	-0.001262	0.000000		0.005047			
mp:2017-08-14_10.00.00.News_Social.COM_ENM.STEE	STEE	2017-08-14T10:00:00.000Z	News_Social	2.2.19	4276.6	0.147746	-0.196067	-0.017187	0.010990	0.001169	0.001432	0.035192	0.019057	0.039868	0.068395	0.009704	0.017187	0.133880	0.002104		0.019642	0.002806	0.055862	0.000935	0.014264	0.000000	-0.002806	-0.000935		
mp:2017-08-14_10.00.00.News_Social.COM_ENM.URAN	URAN	2017-08-14T10:00:00.000Z	News_Social	2.2.19	277.5	0.009587	-0.158559	-0.045045	0.007207		-0.000450	0.054054	0.030631	0.032432	0.061261	0.016216	0.043243	0.155856	-0.001802		-0.003604		0.057658	0.003604			0.003604		0.021622	0.003604
mp:2017-08-14_10.00.00.News.COM_ENM.ALU	ALU	2017-08-14T10:00:00.000Z	News	2.2.19	1129.2	0.050483	0.006642	-0.007527	0.000886	-0.000443	0.007306	0.010184	-0.006199	0.007970	0.024354	0.010184	0.030995	0.094492	-0.023025	0.000000	0.029224	0.000886	0.055083	0.000886	-0.065533	-0.000443	0.052692			
mp:2017-08-14_10.00.00.News.COM_ENM.BIOF	BIOF	2017-08-14T10:00:00.000Z	News	2.2.19	10.5	0.000469	0.095238	-0.095238					-0.047619				-0.047619	-0.107143					-0.047619	0.000000			0.190476	0.000000		
mp:2017-08-14_10.00.00.News.COM_ENM.COA	COA	2017-08-14T10:00:00.000Z	News	2.2.19	1485.5	0.066412	-0.146415	-0.005049	0.003366	0.003366	0.000505	0.051498	0.030966	0.031639	0.059239	-0.024234	0.015483	0.132514	0.006059		-0.018849		0.032043		0.003029	0.006732	0.023898		0.000673	0.000673
mp:2017-08-14_10.00.00.News.COM_ENM.CPPR	CPPR	2017-08-14T10:00:00.000Z	News	2.2.19	846.0	0.037822	0.151300	0.017730	0.005910		0.001478	0.013002	0.014184	0.016548	0.014184	-0.003546	0.029551	0.136229	0.014184	0.008274	0.077423		0.031915	0.000000	0.001182		0.004137			0.002364
mp:2017-08-14_10.00.00.News.COM_ENM.CRU	CRU	2017-08-14T10:00:00.000Z	News	2.2.19	6127.0	0.273918	-0.123878	-0.014444	0.010609	0.000490	0.006243	0.005876	-0.007508	0.027256	0.057287	-0.015505	0.021299	0.099661	0.002448	0.000163	0.002693	0.000082	0.030684		-0.001959		0.006610	0.000000	0.000490	
mp:2017-08-14_10.00.00.News.COM_ENM.BIOETH	BIOETH	2017-08-14T10:00:00.000Z	News	2.2.19	11.0	0.000492	0.181818				0.045455		-0.090909				0.090909	0.204545									0.090909			
mp:2017-08-14_10.00.00.News.COM_ENM.MOG	MOG	2017-08-14T10:00:00.000Z	News	2.2.19	428.6	0.019161	0.067662	0.039664	0.015166	0.013999	0.001167	0.022165	0.008166		0.029165	0.015166	0.003500	0.039314	0.011666	0.002333	0.009333		0.034064		0.017499		-0.146990	-0.142324	0.007000	
mp:2017-08-14_10.00.00.News.COM_ENM.GOL	GOL	2017-08-14T10:00:00.000Z	News	2.2.19	5731.8	0.256250	-0.006106	0.012474	0.007676	0.019540	0.004122	0.029834	0.004885	0.024687	0.082697	0.003315	0.019453	0.163574	0.004623	0.001396	0.007066	0.000698	0.038696	0.000698	0.006979		-0.024774	-0.006368	0.006630	
mp:2017-08-14_10.00.00.News.COM_ENM.HOIL	HOIL	2017-08-14T10:00:00.000Z	News	2.2.19	1.0	0.000045	-1.000000											0.250000												
mp:2017-08-14_10.00.00.News.COM_ENM.IRN	IRN	2017-08-14T10:00:00.000Z	News	2.2.19	1211.5	0.054162	-0.323979	-0.014032	0.013207		0.005984	0.032191	0.019810	0.037969	0.089971	-0.003302	0.007429	0.156314	0.003302		-0.009080		0.038795		-0.001651		0.029715	0.006603		
mp:2017-08-14_10.00.00.News.COM_ENM.JET	JET	2017-08-14T10:00:00.000Z	News	2.2.19	7.2	0.000322	0.277778											0.166667					0.027778				-0.138889			
mp:2017-08-14_10.00.00.News.COM_ENM.LNG	LNG	2017-08-14T10:00:00.000Z	News	2.2.19	103.5	0.004627	-0.333333	-0.057971	0.019324		-0.038647		0.159420		0.048309	0.077295	0.096618	0.223430									0.024155			0.077295
mp:2017-08-14_10.00.00.News.COM_ENM.NAP	NAP	2017-08-14T10:00:00.000Z	News	2.2.19	29.0	0.001296	0.206897	0.034483		0.034483	0.103448				0.034483			0.094828					0.413793							
mp:2017-08-14_10.00.00.News.COM_ENM.NGS	NGS	2017-08-14T10:00:00.000Z	News	2.2.19	341.7	0.015276	-0.007316	-0.014633			0.004390	0.020486	0.020486	0.023412	0.038045	0.032192	0.020486	0.142888	-0.002927		0.002927		0.038630		0.029265		0.000000			
mp:2017-08-14_10.00.00.News.COM_ENM.NKL	NKL	2017-08-14T10:00:00.000Z	News	2.2.19	231.0	0.010327	-0.177489	-0.004329			0.034632	0.021645	0.021645	0.077922	0.108225	0.116883	0.017316	0.187229	0.004329		0.000000		0.069264		0.004329		0.051948			
mp:2017-08-14_10.00.00.News.COM_ENM.NSEA	NSEA	2017-08-14T10:00:00.000Z	News	2.2.19	235.0	0.010506	-0.453191		0.068085				-0.029787		0.080851	-0.034043		0.159574			-0.072340		0.019149				-0.034043			
mp:2017-08-14_10.00.00.News.COM_ENM.PALL	PALL	2017-08-14T10:00:00.000Z	News	2.2.19	2.5	0.000112	0.800000											0.150000					0.200000							
mp:2017-08-14_10.00.00.News.COM_ENM.PLAT	PLAT	2017-08-14T10:00:00.000Z	News	2.2.19	243.0	0.010864	-0.004115	0.148148		0.144033	-0.001029	0.012346	0.012346	0.037037	0.032922	-0.028807		0.221193	0.004115	0.004115			0.004115		-0.032922		-0.016461			
mp:2017-08-14_10.00.00.News.COM_ENM.RAREE	RAREE	2017-08-14T10:00:00.000Z	News	2.2.19	16.0	0.000715	0.062500						-0.062500	0.062500	0.187500			0.187500			0.062500		0.062500							
mp:2017-08-14_10.00.00.News.COM_ENM.SLVR	SLVR	2017-08-14T10:00:00.000Z	News	2.2.19	440.5	0.019693	0.147560	0.113507	0.002270	0.097616	0.011067	0.037457	-0.005675	0.011351	0.009081	0.020431	0.006810	0.221623	0.009081	0.004540	-0.002270	-0.002270	0.029512		0.002270		0.006810			
mp:2017-08-14_10.00.00.News.COM_ENM.STEE	STEE	2017-08-14T10:00:00.000Z	News	2.2.19	3539.5	0.158239	-0.194378	-0.018788	0.012431	0.001130	0.001236	0.039412	0.010736	0.044498	0.070349	0.009041	0.018929	0.137950	0.000283		0.021472	0.003390	0.060178	0.001130	0.020342	0.000000	-0.013703	-0.000565		
mp:2017-08-14_10.00.00.News.COM_ENM.URAN	URAN	2017-08-14T10:00:00.000Z	News	2.2.19	197.0	0.008807	-0.182741	-0.035533	0.010152			0.050761	0.035533	0.015228	0.055838	0.020305	0.045685	0.168782					0.065990						0.030457	0.005076
mp:2017-08-14_10.00.00.Social.COM_ENM.ALU	ALU	2017-08-14T10:00:00.000Z	Social	2.2.19	323.0	0.049106	0.000000	-0.009288	0.006192	0.009288	0.001548	0.015480	0.049536	0.018576	0.108359	0.015480	0.038700	0.154799	0.003096		0.003096		0.027864		-0.009288		0.004644	-0.012384		
mp:2017-08-14_10.00.00.Social.COM_ENM.BIOF	BIOF	2017-08-14T10:00:00.000Z	Social	2.2.19	5.0	0.000760	0.800000						-0.200000					0.250000												
mp:2017-08-14_10.00.00.Social.COM_ENM.COA	COA	2017-08-14T10:00:00.000Z	Social	2.2.19	594.0	0.090306	-0.031145	0.003367	0.008418	0.003367	0.009259	0.042088	-0.006734	0.028620	0.079125	0.020202	0.011785	0.175505	0.007576	0.001684	0.008418	0.003367	0.015152	-0.003367	0.008418	0.002525	-0.017677	-0.003367	0.005051	
mp:2017-08-14_10.00.00.Social.COM_ENM.CPPR	CPPR	2017-08-14T10:00:00.000Z	Social	2.2.19	270.9	0.041185	0.121816	-0.011074	0.003691		0.009228	0.003691	0.040605	0.018457	0.046142	0.009228	0.038760	0.156054	0.018457	0.003691	0.040605	0.000000	0.027316		0.007383		0.044297		0.007383	
mp:2017-08-14_10.00.00.Social.COM_ENM.CRU	CRU	2017-08-14T10:00:00.000Z	Social	2.2.19	960.9	0.146087	-0.239359	-0.013009	0.002081	0.002081	-0.000911	0.019773	0.037465	0.019773	0.086377	0.014049	0.020814	0.165756	0.006244		-0.003122		0.030596		0.000000	0.002081	-0.017692	0.002081	0.001041	0.001041
mp:2017-08-14_10.00.00.Social.COM_ENM.BIOETH	BIOETH	2017-08-14T10:00:00.000Z	Social	2.2.19	9.0	0.001368	-0.222222									-0.222222		-0.111111					0.111111				-0.222222	-0.222222		
mp:2017-08-14_10.00.00.Social.COM_ENM.MOG	MOG	2017-08-14T10:00:00.000Z	Social	2.2.19	154.7	0.023519	0.090498	0.045249			0.003232	0.012928	-0.022624	0.012928	0.038785	-0.006464	0.006464	0.155624	-0.006464		-0.006464		0.046542				-0.019392			
mp:2017-08-14_10.00.00.Social.COM_ENM.GOL	GOL	2017-08-14T10:00:00.000Z	Social	2.2.19	1717.0	0.261037	0.020967	0.048340	0.006407	0.043098	0.007280	0.025044	-0.001165	0.025044	0.068142	-0.023005	0.027373	0.194584	0.005242	0.000582	0.004368		0.029586		0.004077		-0.004950	-0.001165	0.003203	0.001747
mp:2017-08-14_10.00.00.Social.COM_ENM.IRN	IRN	2017-08-14T10:00:00.000Z	Social	2.2.19	549.4	0.083526	-0.197488	-0.015471	0.014561		-0.005005	0.067346	0.037313	0.041864	0.079177	0.021842	0.005461	0.115854	0.016382		-0.014561		0.013469		0.009101		0.100109	0.000000	0.003640	
mp:2017-08-14_10.00.00.Social.COM_ENM.LNG	LNG	2017-08-14T10:00:00.000Z	Social	2.2.19	99.5	0.015127	-0.005025	0.040201			0.015075	0.050251	-0.020101	0.080402	0.050251	-0.010050		0.126884	0.010050	0.010050	0.000000		0.020101	0.020101	0.020101		-0.020101			
mp:2017-08-14_10.00.00.Social.COM_ENM.NAP	NAP	2017-08-14T10:00:00.000Z	Social	2.2.19	15.0	0.002280	0.266667	0.066667		0.066667	0.200000				0.066667			0.350000												
mp:2017-08-14_10.00.00.Social.COM_ENM.NGS	NGS	2017-08-14T10:00:00.000Z	Social	2.2.19	327.6	0.049805	0.035104	0.057998	0.003053	0.006105	0.004960	0.018315	-0.012210	0.057998	0.061050	0.010684	0.009158	0.118971	0.018315	0.003053	-0.003053		0.021673	0.006105	0.042735		-0.013736			
mp:2017-08-14_10.00.00.Social.COM_ENM.NKL	NKL	2017-08-14T10:00:00.000Z	Social	2.2.19	134.0	0.020372	-0.055970	0.014925	0.007463	0.022388	0.007463	0.007463	0.014925	0.052239	0.089552	0.037313	0.007463	0.156716					0.014925		0.022388		0.000000		0.003731	
mp:2017-08-14_10.00.00.Social.COM_ENM.NSEA	NSEA	2017-08-14T10:00:00.000Z	Social	2.2.19	49.0	0.007450	-0.224490	0.040816				0.081633	-0.102041			-0.040816	0.040816	0.056122	0.040816		-0.020408		0.081633				-0.122449			
mp:2017-08-14_10.00.00.Social.COM_ENM.PALL	PALL	2017-08-14T10:00:00.000Z	Social	2.2.19	13.0	0.001976	0.153846	-0.076923					0.153846		0.153846	-0.076923		0.211538	-0.076923											
mp:2017-08-14_10.00.00.Social.COM_ENM.PLAT	PLAT	2017-08-14T10:00:00.000Z	Social	2.2.19	62.0	0.009426	0.209677			0.016129	0.008065		0.032258	0.032258	0.064516	0.016129	0.040323	0.181452	-0.032258				0.056452							
mp:2017-08-14_10.00.00.Social.COM_ENM.RAREE	RAREE	2017-08-14T10:00:00.000Z	Social	2.2.19	124.0	0.018852	-0.112903	0.008065		0.008065	0.002016	0.016129	0.024194	0.008065	0.153226	0.040323	0.032258	-0.026210					0.004032		-0.096774		0.290323			
mp:2017-08-14_10.00.00.Social.COM_ENM.SLVR	SLVR	2017-08-14T10:00:00.000Z	Social	2.2.19	352.0	0.053515	-0.072443	0.039773	0.011364	0.005682	0.007812	0.068182	0.014205	0.039773	0.062500	0.018466	0.025568	0.163778	0.025568	0.014205	-0.011364		0.053977	-0.002841	-0.002841		0.002841			
mp:2017-08-14_10.00.00.Social.COM_ENM.STEE	STEE	2017-08-14T10:00:00.000Z	Social	2.2.19	737.1	0.112062	-0.204179	-0.009497	0.004070	0.001357	0.002374	0.014923	0.059015	0.017637	0.059015	0.012888	0.008818	0.114333	0.010853		0.010853		0.035138		-0.014923		0.049518	-0.002713		
mp:2017-08-14_10.00.00.Social.COM_ENM.URAN	URAN	2017-08-14T10:00:00.000Z	Social	2.2.19	80.5	0.012239	-0.099379	-0.068323			-0.001553	0.062112	0.018634	0.074534	0.074534	0.006211	0.037267	0.124224	-0.006211		-0.012422		0.037267	0.012422			0.012422			