id	assetCode	windowTimestamp	dataType	systemVersion	buzz	relativeBuzz	sentiment	optimism	fear	joy	trust	violence	conflict	gloom	stress	timeUrgency	uncertainty	emotionVsFact	longShort	longShortForecast	priceDirection	priceForecast	volatility	consumptionVolume	productionVolume	regulatoryIssues	supplyVsDemand	supplyVsDemandForecast	acreageCultivated	agDisease	subsidies	subsidiesSentiment	weatherDamage
mp:2017-08-12_04.00.00.News.COM_AGR.CTTL	CTTL	2017-08-12T04:00:00.000Z	News	2.2.18	1379.0	0.129568	-0.174402	-0.011240	0.010152	0.004351	0.001994	0.098260	0.036258	0.007252	0.049674	0.014866	0.011603	0.132252	0.008702		0.004351		0.038071		0.001088		-0.011240	0.001450	0.001450	0.001450			0.003263
mp:2017-08-12_04.00.00.News.COM_AGR.COC	COC	2017-08-12T04:00:00.000Z	News	2.2.18	132.0	0.012402	-0.606061				0.001894		0.075758	0.007576	0.045455	-0.007576		0.155303	-0.060606		-0.007576												
mp:2017-08-12_04.00.00.News.COM_AGR.COF	COF	2017-08-12T04:00:00.000Z	News	2.2.18	448.0	0.042093	-0.083705	0.029018	0.003348	0.006696	0.004464	0.011161	-0.013393	0.026786	0.056920	0.020089		0.153460	-0.012277		0.013393		0.060268				-0.024554						
mp:2017-08-12_04.00.00.News.COM_AGR.COR	COR	2017-08-12T04:00:00.000Z	News	2.2.18	1855.5	0.174338	-0.039612	0.000269	0.002156	0.014012	0.006063	0.005389	-0.025330	0.041229	0.020210	-0.005120	0.024522	0.047359	0.015629		0.002425		0.047157		0.030181		0.138238	0.033953	-0.001617				0.001347
mp:2017-08-12_04.00.00.News.COM_AGR.COT	COT	2017-08-12T04:00:00.000Z	News	2.2.18	866.2	0.081386	-0.241284	-0.016740	0.017317	0.001154	-0.001010	0.045024	0.028862	0.050797	0.101593	0.021935	0.009236	0.104133	-0.004618		-0.009236		0.017548	-0.001154	-0.005772		0.001154	0.002309	0.016163	0.021935			0.008081
mp:2017-08-12_04.00.00.News.COM_AGR.HOGS	HOGS	2017-08-12T04:00:00.000Z	News	2.2.18	92.0	0.008644	0.032609	0.086957	0.021739			0.032609	-0.086957		0.021739	-0.043478		0.114130	0.043478		0.086957												
mp:2017-08-12_04.00.00.News.COM_AGR.ORJ	ORJ	2017-08-12T04:00:00.000Z	News	2.2.18	4.0	0.000376	-0.750000									-0.250000		0.250000															
mp:2017-08-12_04.00.00.News.COM_AGR.POIL	POIL	2017-08-12T04:00:00.000Z	News	2.2.18	456.5	0.042892	0.081051	0.043812	0.004381			0.004381	0.013143	0.039430	0.050383	-0.010953		0.110898	-0.019715		-0.035049	-0.004381	0.006572	0.004381	0.024096		0.033954	0.021906	-0.002191				
mp:2017-08-12_04.00.00.News.COM_AGR.RICE1	RICE1	2017-08-12T04:00:00.000Z	News	2.2.18	614.0	0.057690	-0.070847	0.030945		0.005700	0.002036	0.009772	-0.003257	0.029316	0.074919	0.027687	0.021173	0.127239	-0.004886		0.001629		0.045603	-0.001629	0.004072		-0.003257	-0.001629	0.011401		0.006515	0.001629	0.076547
mp:2017-08-12_04.00.00.News.COM_AGR.SOY1	SOY1	2017-08-12T04:00:00.000Z	News	2.2.18	1375.0	0.129192	-0.195636	-0.001455	0.002909		0.000727	0.007273	-0.042182	0.036364	0.035636	-0.007273	0.018909	0.062364	0.014545		-0.005091		0.058909		0.040727		0.104727	0.046545	-0.005818				
mp:2017-08-12_04.00.00.News.COM_AGR.SUG	SUG	2017-08-12T04:00:00.000Z	News	2.2.18	910.4	0.085539	-0.131810	0.012083	0.003295	0.003295	-0.006041	0.002197	-0.012083	0.040641	0.064257	-0.002197	0.014279	0.163005	-0.038445		-0.012083		0.033392		0.006591		0.015927	0.003295	0.000000				0.002197
mp:2017-08-12_04.00.00.News.COM_AGR.WHT	WHT	2017-08-12T04:00:00.000Z	News	2.2.18	2510.5	0.235881	-0.243776	0.019120	0.005975	0.000797	0.002987	0.003585	0.001195	0.017526	0.075284	-0.033061	0.056762	0.123432	0.015933	0.001195	-0.001195		0.033061		0.005178		0.037244	0.006772	0.000597				0.003187
mp:2017-08-12_04.00.00.Social.COM_AGR.CTTL	CTTL	2017-08-12T04:00:00.000Z	Social	2.2.18	390.2	0.224925	-0.123014	-0.014095		0.023065	-0.004165	0.094823	0.028191	0.030753	0.030753	0.011533	0.011533	0.142107	-0.007688	0.002563	-0.005126		0.046643	0.002563	0.007688		-0.005126		0.000000				
mp:2017-08-12_04.00.00.Social.COM_AGR.COF	COF	2017-08-12T04:00:00.000Z	Social	2.2.18	162.0	0.093383	-0.046296	0.012346				0.012346	-0.012346	0.012346	0.009259	0.000000	0.012346	0.095679	0.000000	0.006173	0.006173		0.098765				0.012346	0.012346					0.074074
mp:2017-08-12_04.00.00.Social.COM_AGR.COR	COR	2017-08-12T04:00:00.000Z	Social	2.2.18	328.4	0.189301	-0.150731	-0.018270	0.006090	0.027406	-0.000761	0.030451	0.016748	0.033496	0.036541	0.012180	0.003045	0.093331	0.012180		-0.006090		0.056029		0.006090		0.021315		-0.015225				0.070037
mp:2017-08-12_04.00.00.Social.COM_AGR.COT	COT	2017-08-12T04:00:00.000Z	Social	2.2.18	127.0	0.073207	-0.102362				0.011811	0.078740	0.019685	0.023622	0.043307	0.000000	0.031496	0.064961	0.039370				0.031496		-0.031496		-0.023622			0.015748			0.023622
mp:2017-08-12_04.00.00.Social.COM_AGR.HOGS	HOGS	2017-08-12T04:00:00.000Z	Social	2.2.18	50.7	0.029225	-0.019724	0.019724			0.004931	0.108481	0.000000		0.098619	-0.059172	0.039448	0.134615	0.118343				0.003945										
mp:2017-08-12_04.00.00.Social.COM_AGR.POIL	POIL	2017-08-12T04:00:00.000Z	Social	2.2.18	58.0	0.033433	0.086207	0.017241			0.025862		-0.017241	0.034483	0.068966	0.068966		0.112069	0.017241				0.034483		0.017241		0.017241						
mp:2017-08-12_04.00.00.Social.COM_AGR.RICE1	RICE1	2017-08-12T04:00:00.000Z	Social	2.2.18	95.0	0.054761	-0.073684	0.052632					0.078947		0.073684	0.005263		0.100000	0.105263				0.031579		-0.010526		-0.021053				0.042105	0.010526	
mp:2017-08-12_04.00.00.Social.COM_AGR.SOY1	SOY1	2017-08-12T04:00:00.000Z	Social	2.2.18	118.3	0.068192	-0.194421	0.000000					0.012680		0.059172	0.000000		0.058538	0.008453		-0.076078		0.006762	0.016906	0.025359		-0.008453		0.016906				
mp:2017-08-12_04.00.00.Social.COM_AGR.SUG	SUG	2017-08-12T04:00:00.000Z	Social	2.2.18	275.0	0.158520	-0.043636	0.040000	0.007273		-0.007273	0.003636	0.058182	0.029091	0.107273	0.047273	0.018182	0.178182	0.021818	0.003636	-0.014545		0.032727		0.014545		-0.010909		0.003636	0.007273			0.005455
mp:2017-08-12_04.00.00.Social.COM_AGR.WHT	WHT	2017-08-12T04:00:00.000Z	Social	2.2.18	130.2	0.075052	-0.241935	-0.007680	0.015361		0.003840	0.030722	0.030722		0.053763	0.011521	0.007680	0.091782	0.015361		-0.015361		0.039939		0.030722		0.061444		0.007680		0.007680		
mp:2017-08-12_04.00.00.News_Social.COM_AGR.CTTL	CTTL	2017-08-12T04:00:00.000Z	News_Social	2.2.18	1769.2	0.142932	-0.163068	-0.011870	0.007913	0.008478	0.000636	0.097502	0.034479	0.012435	0.045501	0.014131	0.011587	0.134425	0.005087	0.000565	0.002261		0.039962	0.000565	0.002544		-0.009891	0.001130	0.001130	0.001130			0.002544
mp:2017-08-12_04.00.00.News_Social.COM_AGR.COC	COC	2017-08-12T04:00:00.000Z	News_Social	2.2.18	132.0	0.010664	-0.606061				0.001894		0.075758	0.007576	0.045455	-0.007576		0.155303	-0.060606		-0.007576												
mp:2017-08-12_04.00.00.News_Social.COM_AGR.COF	COF	2017-08-12T04:00:00.000Z	News_Social	2.2.18	610.0	0.049281	-0.073770	0.024590	0.002459	0.004918	0.003279	0.011475	-0.013115	0.022951	0.044262	0.014754	0.003279	0.138115	-0.009016	0.001639	0.011475		0.070492				-0.014754	0.003279					0.019672
mp:2017-08-12_04.00.00.News_Social.COM_AGR.COR	COR	2017-08-12T04:00:00.000Z	News_Social	2.2.18	2183.9	0.176435	-0.056321	-0.002518	0.002747	0.016026	0.005037	0.009158	-0.019003	0.040066	0.022666	-0.002518	0.021292	0.054272	0.015111		0.001145		0.048491		0.026558		0.120656	0.028847	-0.003663				0.011676
mp:2017-08-12_04.00.00.News_Social.COM_AGR.COT	COT	2017-08-12T04:00:00.000Z	News_Social	2.2.18	993.2	0.080240	-0.223520	-0.014599	0.015103	0.001007	0.000629	0.049335	0.027688	0.047322	0.094140	0.019130	0.012082	0.099124	0.001007		-0.008055		0.019331	-0.001007	-0.009062		-0.002014	0.002014	0.014096	0.021144			0.010068
mp:2017-08-12_04.00.00.News_Social.COM_AGR.HOGS	HOGS	2017-08-12T04:00:00.000Z	News_Social	2.2.18	142.7	0.011529	0.014015	0.063069	0.014015		0.001752	0.059566	-0.056062		0.049054	-0.049054	0.014015	0.121409	0.070077		0.056062		0.001402										
mp:2017-08-12_04.00.00.News_Social.COM_AGR.ORJ	ORJ	2017-08-12T04:00:00.000Z	News_Social	2.2.18	4.0	0.000323	-0.750000									-0.250000		0.250000															
mp:2017-08-12_04.00.00.News_Social.COM_AGR.POIL	POIL	2017-08-12T04:00:00.000Z	News_Social	2.2.18	514.5	0.041566	0.081633	0.040816	0.003887		0.002915	0.003887	0.009718	0.038873	0.052478	-0.001944		0.111030	-0.015549		-0.031098	-0.003887	0.009718	0.003887	0.023324		0.032070	0.019436	-0.001944				
mp:2017-08-12_04.00.00.News_Social.COM_AGR.RICE1	RICE1	2017-08-12T04:00:00.000Z	News_Social	2.2.18	709.0	0.057280	-0.071227	0.033850		0.004937	0.001763	0.008463	0.007757	0.025388	0.074753	0.024683	0.018336	0.123590	0.009873		0.001410		0.043724	-0.001410	0.002116		-0.005642	-0.001410	0.009873		0.011283	0.002821	0.066291
mp:2017-08-12_04.00.00.News_Social.COM_AGR.SOY1	SOY1	2017-08-12T04:00:00.000Z	News_Social	2.2.18	1493.3	0.120642	-0.195540	-0.001339	0.002679		0.000670	0.006697	-0.037836	0.033483	0.037501	-0.006697	0.017411	0.062061	0.014063		-0.010715		0.054778	0.001339	0.039510		0.095761	0.042858	-0.004018				
mp:2017-08-12_04.00.00.News_Social.COM_AGR.SUG	SUG	2017-08-12T04:00:00.000Z	News_Social	2.2.18	1185.4	0.095767	-0.111355	0.018559	0.004218	0.002531	-0.006327	0.002531	0.004218	0.037962	0.074237	0.009280	0.015185	0.166526	-0.024464	0.000844	-0.012654		0.033238		0.008436		0.009701	0.002531	0.000844	0.001687			0.002953
mp:2017-08-12_04.00.00.News_Social.COM_AGR.WHT	WHT	2017-08-12T04:00:00.000Z	News_Social	2.2.18	2640.7	0.213340	-0.243685	0.017798	0.006438	0.000757	0.003029	0.004923	0.002651	0.016662	0.074223	-0.030863	0.054342	0.121871	0.015905	0.001136	-0.001893		0.033400		0.006438		0.038437	0.006438	0.000947		0.000379		0.003029