id	assetCode	windowTimestamp	dataType	systemVersion	buzz	relativeBuzz	sentiment	optimism	fear	joy	trust	violence	conflict	gloom	stress	timeUrgency	uncertainty	emotionVsFact	longShort	longShortForecast	priceDirection	priceForecast	volatility	loveHate	carryTrade	currencyPegInstability	priceMomentum
mp:2017-08-15_12.00.00.News_Social.CUR.ARS	ARS	2017-08-15T12:00:00.000Z	News_Social	2.2.19	129.0	0.004493	0.182171				-0.015504		0.031008	0.023256	0.031008	0.000000		0.147287	-0.015504		0.034884			0.007752			-0.007752
mp:2017-08-15_12.00.00.News_Social.CUR.AUD	AUD	2017-08-15T12:00:00.000Z	News_Social	2.2.19	2328.6	0.081107	-0.095766	0.001074	0.014172	0.001718	0.000107	0.003865	-0.010307	0.021472	0.039509	-0.004939	0.013742	0.075024	0.000429		0.022546	0.002362	0.021515	-0.000859			0.021472
mp:2017-08-15_12.00.00.News_Social.CUR.BRL	BRL	2017-08-15T12:00:00.000Z	News_Social	2.2.19	8.0	0.000279	-0.250000							0.125000	0.125000			0.000000			0.250000		0.250000				
mp:2017-08-15_12.00.00.News_Social.CUR.CAD	CAD	2017-08-15T12:00:00.000Z	News_Social	2.2.19	441.0	0.015360	-0.113379	0.000000	0.002268		0.015873	0.015873	0.018141	0.013605	0.071429	-0.002268	0.009070	0.137755	0.020408		0.010204	0.004535		0.009070			-0.004535
mp:2017-08-15_12.00.00.News_Social.CUR.CNY	CNY	2017-08-15T12:00:00.000Z	News_Social	2.2.19	2783.5	0.096952	-0.076163	0.009700	0.004311	0.001437	-0.005030	0.020837	-0.005030	0.026226	0.042393	0.045087	0.017963	0.075849	-0.055685	0.000359	0.078139	0.011317	0.022633	0.001796			0.010059
mp:2017-08-15_12.00.00.News_Social.CUR.EUR	EUR	2017-08-15T12:00:00.000Z	News_Social	2.2.19	3037.8	0.105809	-0.015472	-0.002798	0.003786	0.004279	0.002387	0.007077	0.018764	0.008230	0.056455	0.000000	0.016130	0.107742	0.012344	-0.000329	0.072915	0.004938	0.024458	0.001975			0.006090
mp:2017-08-15_12.00.00.News_Social.CUR.HKD	HKD	2017-08-15T12:00:00.000Z	News_Social	2.2.19	37.0	0.001289	0.297297	0.108108					0.000000		0.108108	0.054054	0.108108	0.155405			0.108108	0.054054					
mp:2017-08-15_12.00.00.News_Social.CUR.INR	INR	2017-08-15T12:00:00.000Z	News_Social	2.2.19	264.2	0.009202	-0.136260	-0.003785	0.003785	0.011355	0.020818	0.018925	-0.011355	0.045420	0.028388	-0.039743	0.022710	0.106927	0.011355		0.007570		0.060560	0.015140			
mp:2017-08-15_12.00.00.News_Social.CUR.IDR	IDR	2017-08-15T12:00:00.000Z	News_Social	2.2.19	313.8	0.010930	-0.181644	0.015934	0.006373		-0.065328	0.044614	0.022307	0.015934	0.038241	0.060548	0.003187	0.158700	-0.006373		0.086042		0.015296				0.000000
mp:2017-08-15_12.00.00.News_Social.CUR.IRR	IRR	2017-08-15T12:00:00.000Z	News_Social	2.2.19	2.5	0.000087	0.200000	0.200000										-0.050000	0.200000		0.400000						
mp:2017-08-15_12.00.00.News_Social.CUR.ILS	ILS	2017-08-15T12:00:00.000Z	News_Social	2.2.19	9.0	0.000313	0.555556									0.111111		0.194444			0.111111						
mp:2017-08-15_12.00.00.News_Social.CUR.JPY	JPY	2017-08-15T12:00:00.000Z	News_Social	2.2.19	881.1	0.030690	-0.028374	-0.079446	0.004540	0.001135	0.010640	0.012484	0.003405	0.024969	0.051073	0.009080	0.010215	0.090909	0.011349		0.062422	0.001135	0.042674	0.001135			-0.003972
mp:2017-08-15_12.00.00.News_Social.CUR.MYR	MYR	2017-08-15T12:00:00.000Z	News_Social	2.2.19	437.4	0.015235	-0.118884	0.034294			0.001143	0.027435	-0.022862	0.004572	0.054870	0.009145	0.009145	0.049497			-0.025149	0.011431	0.094650	0.011431			-0.025149
mp:2017-08-15_12.00.00.News_Social.CUR.MXN	MXN	2017-08-15T12:00:00.000Z	News_Social	2.2.19	68.4	0.002382	-0.051170	0.029240				0.029240	-0.029240	0.014620	0.175439	-0.014620	0.029240	0.130117			0.021930	0.014620	0.049708				
mp:2017-08-15_12.00.00.News_Social.CUR.NZD	NZD	2017-08-15T12:00:00.000Z	News_Social	2.2.19	341.0	0.011877	-0.026393	-0.005865	0.023460		0.002933	0.029326	-0.014663	0.023460	0.064516	0.010264	0.026393	0.094575	0.002933	0.002933	0.058651	0.008798					0.064516
mp:2017-08-15_12.00.00.News_Social.CUR.PLN	PLN	2017-08-15T12:00:00.000Z	News_Social	2.2.19	231.8	0.008074	-0.138050	-0.008628			0.003236	0.008628	0.112166	0.034513	0.129422	0.017256	0.008628	0.097282	0.004314		0.069025		0.085418				0.060397
mp:2017-08-15_12.00.00.News_Social.CUR.RUB	RUB	2017-08-15T12:00:00.000Z	News_Social	2.2.19	51.0	0.001776	-0.039216	0.019608					-0.058824		0.098039	0.000000		0.083333			0.000000	0.019608	0.058824				0.000000
mp:2017-08-15_12.00.00.News_Social.CUR.SGD	SGD	2017-08-15T12:00:00.000Z	News_Social	2.2.19	74.0	0.002577	0.148649			0.054054		0.013514	0.027027	0.054054	0.054054	0.054054		0.189189			-0.013514		0.040541				
mp:2017-08-15_12.00.00.News_Social.CUR.ZAR	ZAR	2017-08-15T12:00:00.000Z	News_Social	2.2.19	493.2	0.017179	-0.271695	-0.008110	0.050689		0.001267	0.006083	-0.010138	0.006083	0.007097	0.010138	0.006083	0.125101	-0.010138		-0.095296		0.045012	0.002028			
mp:2017-08-15_12.00.00.News_Social.CUR.KRW	KRW	2017-08-15T12:00:00.000Z	News_Social	2.2.19	7.0	0.000244	0.428571						0.142857		0.142857			0.250000									
mp:2017-08-15_12.00.00.News_Social.CUR.SEK	SEK	2017-08-15T12:00:00.000Z	News_Social	2.2.19	54.0	0.001881	-0.018519	0.037037	0.018519		0.004630		0.037037		0.037037	0.083333	0.037037	0.106481			0.101852		0.018519				0.018519
mp:2017-08-15_12.00.00.News_Social.CUR.CHF	CHF	2017-08-15T12:00:00.000Z	News_Social	2.2.19	470.4	0.016384	-0.282738	-0.010629	0.034014		0.000531	0.031888	0.002126	0.012755	0.051020	-0.021259	0.021259	0.081633			-0.025510		0.015731				0.000000
mp:2017-08-15_12.00.00.News_Social.CUR.THB	THB	2017-08-15T12:00:00.000Z	News_Social	2.2.19	63.0	0.002194	0.174603	0.047619		0.015873		0.047619	-0.047619	0.047619		0.015873		0.087302	0.031746		0.095238		0.047619				
mp:2017-08-15_12.00.00.News_Social.CUR.TRY	TRY	2017-08-15T12:00:00.000Z	News_Social	2.2.19	32.0	0.001115	0.093750							0.031250	0.031250	0.062500		-0.015625	-0.062500		0.406250						
mp:2017-08-15_12.00.00.News_Social.CUR.USD	USD	2017-08-15T12:00:00.000Z	News_Social	2.2.19	15701.2	0.546888	-0.044774	-0.014680	0.022928	0.000860	0.001123	0.013884	-0.014617	0.031431	0.062893	0.005063	0.012993	0.103301	-0.001242	-0.000287	0.066237	0.001815	0.021890	-0.001274			-0.001083
mp:2017-08-15_12.00.00.News_Social.CUR.AED	AED	2017-08-15T12:00:00.000Z	News_Social	2.2.19	51.0	0.001776	-0.450980	-0.019608						0.137255	0.137255			0.117647	-0.019608		-0.215686						
mp:2017-08-15_12.00.00.News_Social.CUR.GBP	GBP	2017-08-15T12:00:00.000Z	News_Social	2.2.19	399.2	0.013905	-0.070140	-0.015030	0.010020	0.012525	0.003444	0.012525	-0.006263	0.020040	0.050100	-0.015030	0.032565	0.099449	-0.010020	-0.005010	0.037575	0.005010	0.025551	0.002505			0.012525
mp:2017-08-15_12.00.00.News.CUR.ARS	ARS	2017-08-15T12:00:00.000Z	News	2.2.19	109.0	0.004535	0.165138				-0.018349		0.036697	0.018349	0.036697	0.009174		0.160550	-0.018349		0.000000			0.009174			-0.009174
mp:2017-08-15_12.00.00.News.CUR.AUD	AUD	2017-08-15T12:00:00.000Z	News	2.2.19	2064.6	0.085892	-0.096629	0.003875	0.015984	0.000484	-0.000363	0.004359	-0.015015	0.022280	0.033905	-0.009687	0.011140	0.069662			0.019859	0.003875	0.022329	-0.000484			0.025186
mp:2017-08-15_12.00.00.News.CUR.BRL	BRL	2017-08-15T12:00:00.000Z	News	2.2.19	8.0	0.000333	-0.250000							0.125000	0.125000			0.000000			0.250000		0.250000				
mp:2017-08-15_12.00.00.News.CUR.CAD	CAD	2017-08-15T12:00:00.000Z	News	2.2.19	269.0	0.011191	0.048327	0.022305	0.003717		0.029740	0.018587	0.007435	0.018587	0.078067	-0.003717		0.118030	0.026022		0.011152			0.014870			
mp:2017-08-15_12.00.00.News.CUR.CNY	CNY	2017-08-15T12:00:00.000Z	News	2.2.19	2646.0	0.110079	-0.071240	0.010960	0.004535	0.001134	-0.006425	0.020030	-0.004913	0.026455	0.043462	0.047997	0.018896	0.075491	-0.057823	0.000378	0.079932	0.011527	0.023621	0.000756			0.009070
mp:2017-08-15_12.00.00.News.CUR.EUR	EUR	2017-08-15T12:00:00.000Z	News	2.2.19	2480.3	0.103186	-0.007862	-0.004435	0.003830	0.001210	0.002318	0.003629	0.028021	0.004435	0.058864	-0.002217	0.014716	0.110995	0.014918	0.000000	0.079829	0.004435	0.023102	0.000000			0.006451
mp:2017-08-15_12.00.00.News.CUR.HKD	HKD	2017-08-15T12:00:00.000Z	News	2.2.19	33.0	0.001373	0.272727	0.121212					0.000000		0.121212	0.060606	0.121212	0.174242			0.060606	0.060606					
mp:2017-08-15_12.00.00.News.CUR.INR	INR	2017-08-15T12:00:00.000Z	News	2.2.19	210.2	0.008745	-0.185538	-0.009515	0.004757		0.035680	0.019029	-0.014272	0.057088	0.028544	-0.047574	0.019029	0.116556	0.000000		-0.014272		0.028544	0.019029			
mp:2017-08-15_12.00.00.News.CUR.IDR	IDR	2017-08-15T12:00:00.000Z	News	2.2.19	309.8	0.012888	-0.183990	0.016139	0.006456		-0.066172	0.045190	0.022595	0.016139	0.038735	0.051646		0.157521	-0.006456		0.087153		0.015494				0.000000
mp:2017-08-15_12.00.00.News.CUR.ILS	ILS	2017-08-15T12:00:00.000Z	News	2.2.19	9.0	0.000374	0.555556									0.111111		0.194444			0.111111						
mp:2017-08-15_12.00.00.News.CUR.JPY	JPY	2017-08-15T12:00:00.000Z	News	2.2.19	741.1	0.030831	-0.013493	-0.093105	0.005397		0.012313	0.006747	0.001349	0.025638	0.043854	0.008096	0.005397	0.090878	0.005397		0.078262	0.002699	0.046687	0.001349			-0.006747
mp:2017-08-15_12.00.00.News.CUR.MYR	MYR	2017-08-15T12:00:00.000Z	News	2.2.19	427.0	0.017764	-0.121780	0.035129			0.001171	0.028103	-0.023419	0.004684	0.056206	0.009368	0.009368	0.052108			-0.035129	0.011710	0.091335	0.011710			-0.025761
mp:2017-08-15_12.00.00.News.CUR.MXN	MXN	2017-08-15T12:00:00.000Z	News	2.2.19	46.4	0.001930	0.053879					0.043103	-0.021552		0.193966	-0.043103	0.021552	0.100216			0.010776		0.073276				
mp:2017-08-15_12.00.00.News.CUR.NZD	NZD	2017-08-15T12:00:00.000Z	News	2.2.19	191.0	0.007946	-0.005236	-0.010471	0.020942			0.031414	-0.015707	0.020942	0.062827	0.005236	0.041885	0.061518			0.083770						0.115183
mp:2017-08-15_12.00.00.News.CUR.PLN	PLN	2017-08-15T12:00:00.000Z	News	2.2.19	231.8	0.009643	-0.138050	-0.008628			0.003236	0.008628	0.112166	0.034513	0.129422	0.017256	0.008628	0.097282	0.004314		0.069025		0.085418				0.060397
mp:2017-08-15_12.00.00.News.CUR.RUB	RUB	2017-08-15T12:00:00.000Z	News	2.2.19	51.0	0.002122	-0.039216	0.019608					-0.058824		0.098039	0.000000		0.083333			0.000000	0.019608	0.058824				0.000000
mp:2017-08-15_12.00.00.News.CUR.SGD	SGD	2017-08-15T12:00:00.000Z	News	2.2.19	26.0	0.001082	0.269231			0.076923			0.076923			0.153846		0.230769			-0.038462						
mp:2017-08-15_12.00.00.News.CUR.ZAR	ZAR	2017-08-15T12:00:00.000Z	News	2.2.19	426.2	0.017731	-0.382450	-0.009385	0.058658		0.001466		-0.011732	0.004693	0.008212		0.007039	0.130690	-0.011732		-0.117316		0.021586				
mp:2017-08-15_12.00.00.News.CUR.KRW	KRW	2017-08-15T12:00:00.000Z	News	2.2.19	4.0	0.000166	1.000000											0.250000									
mp:2017-08-15_12.00.00.News.CUR.SEK	SEK	2017-08-15T12:00:00.000Z	News	2.2.19	54.0	0.002247	-0.018519	0.037037	0.018519		0.004630		0.037037		0.037037	0.083333	0.037037	0.106481			0.101852		0.018519				0.018519
mp:2017-08-15_12.00.00.News.CUR.CHF	CHF	2017-08-15T12:00:00.000Z	News	2.2.19	430.4	0.017906	-0.285781	-0.011617	0.037175			0.034851	0.006970	0.004647	0.048792	-0.023234	0.023234	0.084572			-0.023234		0.012546				0.000000
mp:2017-08-15_12.00.00.News.CUR.THB	THB	2017-08-15T12:00:00.000Z	News	2.2.19	63.0	0.002621	0.174603	0.047619		0.015873		0.047619	-0.047619	0.047619		0.015873		0.087302	0.031746		0.095238		0.047619				
mp:2017-08-15_12.00.00.News.CUR.TRY	TRY	2017-08-15T12:00:00.000Z	News	2.2.19	32.0	0.001331	0.093750							0.031250	0.031250	0.062500		-0.015625	-0.062500		0.406250						
mp:2017-08-15_12.00.00.News.CUR.USD	USD	2017-08-15T12:00:00.000Z	News	2.2.19	12988.5	0.540350	-0.041652	-0.017246	0.025561	0.000616	0.001126	0.012088	-0.018478	0.033876	0.061477	0.006737	0.013242	0.101580	-0.002040	-0.000192	0.072141	0.001501	0.020364	0.000308			-0.002079
mp:2017-08-15_12.00.00.News.CUR.AED	AED	2017-08-15T12:00:00.000Z	News	2.2.19	51.0	0.002122	-0.450980	-0.019608						0.137255	0.137255			0.117647	-0.019608		-0.215686						
mp:2017-08-15_12.00.00.News.CUR.GBP	GBP	2017-08-15T12:00:00.000Z	News	2.2.19	134.9	0.005612	-0.051890	0.044477					-0.014826		0.037064	-0.018532	0.044477	0.055782	-0.037064	-0.014826	0.074129	0.014826	0.017791				0.022239
mp:2017-08-15_12.00.00.Social.CUR.ARS	ARS	2017-08-15T12:00:00.000Z	Social	2.2.19	20.0	0.004280	0.275000							0.050000		-0.050000		0.075000			0.225000						
mp:2017-08-15_12.00.00.Social.CUR.AUD	AUD	2017-08-15T12:00:00.000Z	Social	2.2.19	264.0	0.056496	-0.089015	-0.020833		0.011364	0.003788	0.000000	0.026515	0.015152	0.083333	0.032197	0.034091	0.116951	0.003788		0.043561	-0.009470	0.015152	-0.003788			-0.007576
mp:2017-08-15_12.00.00.Social.CUR.CAD	CAD	2017-08-15T12:00:00.000Z	Social	2.2.19	172.0	0.036808	-0.366279	-0.034884			-0.005814	0.011628	0.034884	0.005814	0.061047	0.000000	0.023256	0.168605	0.011628		0.008721	0.011628					-0.011628
mp:2017-08-15_12.00.00.Social.CUR.CNY	CNY	2017-08-15T12:00:00.000Z	Social	2.2.19	137.5	0.029425	-0.170909	-0.014545		0.007273	0.021818	0.036364	-0.007273	0.021818	0.021818	-0.010909		0.082727	-0.014545		0.043636	0.007273	0.003636	0.021818			0.029091
mp:2017-08-15_12.00.00.Social.CUR.EUR	EUR	2017-08-15T12:00:00.000Z	Social	2.2.19	557.5	0.119305	-0.049327	0.004484	0.003587	0.017937	0.002691	0.022422	-0.022422	0.025112	0.045740	0.009865	0.022422	0.093274	0.000897	-0.001794	0.042152	0.007175	0.030493	0.010762			0.004484
mp:2017-08-15_12.00.00.Social.CUR.HKD	HKD	2017-08-15T12:00:00.000Z	Social	2.2.19	4.0	0.000856	0.500000											0.000000			0.500000						
mp:2017-08-15_12.00.00.Social.CUR.INR	INR	2017-08-15T12:00:00.000Z	Social	2.2.19	54.0	0.011556	0.055556	0.018519		0.055556	-0.037037	0.018519			0.027778	-0.009259	0.037037	0.069444	0.055556		0.092593		0.185185				
mp:2017-08-15_12.00.00.Social.CUR.IDR	IDR	2017-08-15T12:00:00.000Z	Social	2.2.19	4.0	0.000856										0.750000	0.250000	0.250000									
mp:2017-08-15_12.00.00.Social.CUR.IRR	IRR	2017-08-15T12:00:00.000Z	Social	2.2.19	2.5	0.000535	0.200000	0.200000										-0.050000	0.200000		0.400000						
mp:2017-08-15_12.00.00.Social.CUR.JPY	JPY	2017-08-15T12:00:00.000Z	Social	2.2.19	140.0	0.029960	-0.107143	-0.007143		0.007143	0.001786	0.042857	0.014286	0.021429	0.089286	0.014286	0.035714	0.091071	0.042857		-0.021429	-0.007143	0.021429				0.010714
mp:2017-08-15_12.00.00.Social.CUR.MYR	MYR	2017-08-15T12:00:00.000Z	Social	2.2.19	10.4	0.002226	0.000000											-0.057692			0.384615		0.230769				
mp:2017-08-15_12.00.00.Social.CUR.MXN	MXN	2017-08-15T12:00:00.000Z	Social	2.2.19	22.0	0.004708	-0.272727	0.090909					-0.045455	0.045455	0.136364	0.045455	0.045455	0.193182			0.045455	0.045455					
mp:2017-08-15_12.00.00.Social.CUR.NZD	NZD	2017-08-15T12:00:00.000Z	Social	2.2.19	150.0	0.032100	-0.053333	0.000000	0.026667		0.006667	0.026667	-0.013333	0.026667	0.066667	0.016667	0.006667	0.136667	0.006667	0.006667	0.026667	0.020000					
mp:2017-08-15_12.00.00.Social.CUR.SGD	SGD	2017-08-15T12:00:00.000Z	Social	2.2.19	48.0	0.010272	0.083333			0.041667		0.020833	0.000000	0.083333	0.083333			0.166667			0.000000		0.062500				
mp:2017-08-15_12.00.00.Social.CUR.ZAR	ZAR	2017-08-15T12:00:00.000Z	Social	2.2.19	67.0	0.014338	0.432836					0.044776	0.000000	0.014925		0.074627		0.089552			0.044776		0.194030	0.014925			
mp:2017-08-15_12.00.00.Social.CUR.KRW	KRW	2017-08-15T12:00:00.000Z	Social	2.2.19	3.0	0.000642	-0.333333						0.333333		0.333333			0.250000									
mp:2017-08-15_12.00.00.Social.CUR.CHF	CHF	2017-08-15T12:00:00.000Z	Social	2.2.19	40.0	0.008560	-0.250000				0.006250		-0.050000	0.100000	0.075000			0.050000			-0.050000		0.050000				0.000000
mp:2017-08-15_12.00.00.Social.CUR.USD	USD	2017-08-15T12:00:00.000Z	Social	2.2.19	2712.7	0.580517	-0.059719	-0.002396	0.010322	0.002028	0.001106	0.022487	0.003871	0.019722	0.069672	-0.002949	0.011796	0.111540	0.002580	-0.000737	0.037970	0.003318	0.029196	-0.008847			0.003686
mp:2017-08-15_12.00.00.Social.CUR.GBP	GBP	2017-08-15T12:00:00.000Z	Social	2.2.19	264.3	0.056560	-0.079455	-0.045403	0.015134	0.018918	0.005202	0.018918	-0.001892	0.030269	0.056754	-0.013243	0.026485	0.121737	0.003784		0.018918	0.000000	0.029512	0.003784			0.007567