id	assetCode	windowTimestamp	dataType	systemVersion	buzz	relativeBuzz	sentiment	optimism	fear	joy	trust	violence	conflict	gloom	stress	timeUrgency	uncertainty	emotionVsFact	longShort	longShortForecast	priceDirection	priceForecast	volatility	consumptionVolume	productionVolume	regulatoryIssues	supplyVsDemand	supplyVsDemandForecast	acreageCultivated	agDisease	subsidies	subsidiesSentiment	weatherDamage
mp:2017-08-12_05.00.00.News.COM_AGR.CTTL	CTTL	2017-08-12T05:00:00.000Z	News	2.2.18	1314.5	0.125100	-0.191328	-0.013313	0.010650	0.003043	0.001141	0.103081	0.034614	0.007607	0.048688	0.012933	0.011411	0.128946	0.009129		0.003804		0.038418		-0.000380		-0.011792	0.001521	0.000761	0.001521			0.003423
mp:2017-08-12_05.00.00.News.COM_AGR.COC	COC	2017-08-12T05:00:00.000Z	News	2.2.18	132.0	0.012562	-0.606061				0.001894		0.075758	0.007576	0.045455	-0.007576		0.155303	-0.060606		-0.007576												
mp:2017-08-12_05.00.00.News.COM_AGR.COF	COF	2017-08-12T05:00:00.000Z	News	2.2.18	448.0	0.042636	-0.083705	0.029018	0.003348	0.006696	0.004464	0.011161	-0.013393	0.026786	0.056920	0.020089		0.153460	-0.012277		0.013393		0.060268				-0.024554						
mp:2017-08-12_05.00.00.News.COM_AGR.COR	COR	2017-08-12T05:00:00.000Z	News	2.2.18	1851.5	0.176206	-0.038617	0.000270	0.002160	0.014043	0.006076	0.005401	-0.025385	0.041318	0.020254	-0.005131	0.024575	0.047462	0.015663		0.003511		0.047259		0.030246		0.138536	0.034026	-0.001620				0.001350
mp:2017-08-12_05.00.00.News.COM_AGR.COT	COT	2017-08-12T05:00:00.000Z	News	2.2.18	840.2	0.079961	-0.256487	-0.017258	0.017853		-0.001041	0.046418	0.027374	0.052368	0.104142	0.022614	0.008331	0.103190	-0.004761		-0.009522		0.015711		-0.004761		0.001190	0.002380	0.016663	0.022614			0.008331
mp:2017-08-12_05.00.00.News.COM_AGR.HOGS	HOGS	2017-08-12T05:00:00.000Z	News	2.2.18	92.0	0.008756	0.032609	0.086957	0.021739			0.032609	-0.086957		0.021739	-0.043478		0.114130	0.043478		0.086957												
mp:2017-08-12_05.00.00.News.COM_AGR.ORJ	ORJ	2017-08-12T05:00:00.000Z	News	2.2.18	4.0	0.000381	-0.750000									-0.250000		0.250000															
mp:2017-08-12_05.00.00.News.COM_AGR.POIL	POIL	2017-08-12T05:00:00.000Z	News	2.2.18	431.5	0.041066	0.104287	0.046350	0.004635			0.004635	0.009270	0.041715	0.044032	-0.009270		0.108633	-0.020857		-0.037080	-0.004635	0.006952	0.004635	0.030127		0.035921	0.023175	-0.002317				
mp:2017-08-12_05.00.00.News.COM_AGR.RICE1	RICE1	2017-08-12T05:00:00.000Z	News	2.2.18	602.0	0.057292	-0.073920	0.031561		0.005814	0.002076	0.009967	-0.004983	0.029900	0.074751	0.028239	0.021595	0.128945	-0.004983		0.001661		0.046512	-0.001661	0.004153		-0.003322	-0.001661	0.011628				0.078073
mp:2017-08-12_05.00.00.News.COM_AGR.SOY1	SOY1	2017-08-12T05:00:00.000Z	News	2.2.18	1375.0	0.130858	-0.195636	-0.001455	0.002909		0.000727	0.007273	-0.042182	0.036364	0.035636	-0.007273	0.018909	0.062364	0.014545		-0.005091		0.058909		0.040727		0.104727	0.046545	-0.005818				
mp:2017-08-12_05.00.00.News.COM_AGR.SUG	SUG	2017-08-12T05:00:00.000Z	News	2.2.18	910.4	0.086642	-0.131810	0.012083	0.003295	0.003295	-0.006041	0.002197	-0.012083	0.040641	0.064257	-0.002197	0.014279	0.163005	-0.038445		-0.012083		0.033392		0.006591		0.015927	0.003295	0.000000				0.002197
mp:2017-08-12_05.00.00.News.COM_AGR.WHT	WHT	2017-08-12T05:00:00.000Z	News	2.2.18	2506.5	0.238542	-0.243367	0.019150	0.005984	0.000798	0.002992	0.003591	0.001197	0.017554	0.075404	-0.033114	0.056852	0.123629	0.015959	0.001197	-0.000399		0.033114		0.005187		0.037303	0.006782	0.000598				0.003192
mp:2017-08-12_05.00.00.News_Social.COM_AGR.CTTL	CTTL	2017-08-12T05:00:00.000Z	News_Social	2.2.18	1671.7	0.137088	-0.175570	-0.010767	0.008375	0.007777	-0.000224	0.103188	0.033798	0.013160	0.045463	0.012263	0.012263	0.131423	0.005384	0.000598	0.001795		0.038703	0.000598	0.001495		-0.010468	0.001196	0.000598	0.001196			0.002692
mp:2017-08-12_05.00.00.News_Social.COM_AGR.COC	COC	2017-08-12T05:00:00.000Z	News_Social	2.2.18	136.0	0.011153	-0.573529				0.001838	-0.003676	0.062500	0.007353	0.044118	-0.007353		0.156250	-0.058824		-0.007353												
mp:2017-08-12_05.00.00.News_Social.COM_AGR.COF	COF	2017-08-12T05:00:00.000Z	News_Social	2.2.18	589.0	0.048301	-0.054329	0.025467	0.002547	0.005093	0.003396	0.011885	-0.013582	0.023769	0.044143	0.015280	0.003396	0.143463	-0.012733	0.001698	0.011885		0.069610				-0.015280	0.003396					0.011885
mp:2017-08-12_05.00.00.News_Social.COM_AGR.COR	COR	2017-08-12T05:00:00.000Z	News_Social	2.2.18	2179.9	0.178762	-0.055507	-0.002523	0.002752	0.016056	0.005046	0.009175	-0.019038	0.040139	0.022707	-0.002523	0.021331	0.054372	0.015138		0.002064		0.048580		0.026607		0.120877	0.028900	-0.003670				0.011698
mp:2017-08-12_05.00.00.News_Social.COM_AGR.COT	COT	2017-08-12T05:00:00.000Z	News_Social	2.2.18	967.2	0.079315	-0.236249	-0.014992	0.015509		0.000646	0.050662	0.026365	0.048594	0.096154	0.019644	0.011373	0.098170	0.001034		-0.008271		0.017783		-0.008271		-0.002068	0.002068	0.014475	0.021712			0.010339
mp:2017-08-12_05.00.00.News_Social.COM_AGR.HOGS	HOGS	2017-08-12T05:00:00.000Z	News_Social	2.2.18	142.7	0.011702	0.014015	0.063069	0.014015		0.001752	0.059566	-0.056062		0.049054	-0.049054	0.014015	0.121409	0.070077		0.056062		0.001402										
mp:2017-08-12_05.00.00.News_Social.COM_AGR.ORJ	ORJ	2017-08-12T05:00:00.000Z	News_Social	2.2.18	4.0	0.000328	-0.750000									-0.250000		0.250000															
mp:2017-08-12_05.00.00.News_Social.COM_AGR.POIL	POIL	2017-08-12T05:00:00.000Z	News_Social	2.2.18	489.5	0.040141	0.102145	0.042901	0.004086		0.003064	0.004086	0.006129	0.040858	0.046987	0.000000		0.109040	-0.016343		-0.032686	-0.004086	0.010215	0.004086	0.028601		0.033708	0.020429	-0.002043				
mp:2017-08-12_05.00.00.News_Social.COM_AGR.RICE1	RICE1	2017-08-12T05:00:00.000Z	News_Social	2.2.18	697.0	0.057157	-0.073888	0.034433		0.005022	0.001793	0.008608	0.006456	0.025825	0.074605	0.025108	0.018651	0.125000	0.010043		0.001435		0.044476	-0.001435	0.002152		-0.005739	-0.001435	0.010043		0.005739	0.001435	0.067432
mp:2017-08-12_05.00.00.News_Social.COM_AGR.SOY1	SOY1	2017-08-12T05:00:00.000Z	News_Social	2.2.18	1493.3	0.122458	-0.195540	-0.001339	0.002679		0.000670	0.006697	-0.037836	0.033483	0.037501	-0.006697	0.017411	0.062061	0.014063		-0.010715		0.054778	0.001339	0.039510		0.095761	0.042858	-0.004018				
mp:2017-08-12_05.00.00.News_Social.COM_AGR.SUG	SUG	2017-08-12T05:00:00.000Z	News_Social	2.2.18	1186.4	0.097291	-0.111261	0.018543	0.004214	0.002529	-0.006322	0.002529	0.005057	0.037930	0.075017	0.009272	0.015172	0.167018	-0.024444	0.000843	-0.012643		0.033210		0.008429		0.009693	0.002529	0.000843	0.001686			0.002107
mp:2017-08-12_05.00.00.News_Social.COM_AGR.WHT	WHT	2017-08-12T05:00:00.000Z	News_Social	2.2.18	2637.7	0.216304	-0.243583	0.017819	0.006445	0.000758	0.003033	0.004929	0.002654	0.016681	0.074307	-0.030898	0.054403	0.122104	0.015923	0.001137	-0.001137		0.033438		0.006445		0.038480	0.006445	0.000948		0.000379		0.003033
mp:2017-08-12_05.00.00.Social.COM_AGR.CTTL	CTTL	2017-08-12T05:00:00.000Z	Social	2.2.18	357.2	0.211762	-0.117581	-0.001400		0.025196	-0.005249	0.103583	0.030795	0.033595	0.033595	0.009798	0.015398	0.140538	-0.008399	0.002800	-0.005599		0.039754	0.002800	0.008399		-0.005599		0.000000				
mp:2017-08-12_05.00.00.Social.COM_AGR.COC	COC	2017-08-12T05:00:00.000Z	Social	2.2.18	4.0	0.002371	0.500000					-0.125000	-0.375000					0.187500															
mp:2017-08-12_05.00.00.Social.COM_AGR.COF	COF	2017-08-12T05:00:00.000Z	Social	2.2.18	141.0	0.083590	0.039007	0.014184				0.014184	-0.014184	0.014184	0.003546	0.000000	0.014184	0.111702	-0.014184	0.007092	0.007092		0.099291				0.014184	0.014184					0.049645
mp:2017-08-12_05.00.00.Social.COM_AGR.COR	COR	2017-08-12T05:00:00.000Z	Social	2.2.18	328.4	0.194688	-0.150731	-0.018270	0.006090	0.027406	-0.000761	0.030451	0.016748	0.033496	0.036541	0.012180	0.003045	0.093331	0.012180		-0.006090		0.056029		0.006090		0.021315		-0.015225				0.070037
mp:2017-08-12_05.00.00.Social.COM_AGR.COT	COT	2017-08-12T05:00:00.000Z	Social	2.2.18	127.0	0.075290	-0.102362				0.011811	0.078740	0.019685	0.023622	0.043307	0.000000	0.031496	0.064961	0.039370				0.031496		-0.031496		-0.023622			0.015748			0.023622
mp:2017-08-12_05.00.00.Social.COM_AGR.HOGS	HOGS	2017-08-12T05:00:00.000Z	Social	2.2.18	50.7	0.030057	-0.019724	0.019724			0.004931	0.108481	0.000000		0.098619	-0.059172	0.039448	0.134615	0.118343				0.003945										
mp:2017-08-12_05.00.00.Social.COM_AGR.POIL	POIL	2017-08-12T05:00:00.000Z	Social	2.2.18	58.0	0.034385	0.086207	0.017241			0.025862		-0.017241	0.034483	0.068966	0.068966		0.112069	0.017241				0.034483		0.017241		0.017241						
mp:2017-08-12_05.00.00.Social.COM_AGR.RICE1	RICE1	2017-08-12T05:00:00.000Z	Social	2.2.18	95.0	0.056320	-0.073684	0.052632					0.078947		0.073684	0.005263		0.100000	0.105263				0.031579		-0.010526		-0.021053				0.042105	0.010526	
mp:2017-08-12_05.00.00.Social.COM_AGR.SOY1	SOY1	2017-08-12T05:00:00.000Z	Social	2.2.18	118.3	0.070133	-0.194421	0.000000					0.012680		0.059172	0.000000		0.058538	0.008453		-0.076078		0.006762	0.016906	0.025359		-0.008453		0.016906				
mp:2017-08-12_05.00.00.Social.COM_AGR.SUG	SUG	2017-08-12T05:00:00.000Z	Social	2.2.18	276.0	0.163623	-0.043478	0.039855	0.007246		-0.007246	0.003623	0.061594	0.028986	0.110507	0.047101	0.018116	0.180254	0.021739	0.003623	-0.014493		0.032609		0.014493		-0.010870		0.003623	0.007246			0.001812
mp:2017-08-12_05.00.00.Social.COM_AGR.WHT	WHT	2017-08-12T05:00:00.000Z	Social	2.2.18	131.2	0.077780	-0.247713	-0.007622	0.015244		0.003811	0.030488	0.030488		0.053354	0.011433	0.007622	0.092988	0.015244		-0.015244		0.039634		0.030488		0.060976		0.007622		0.007622		