id	assetCode	windowTimestamp	dataType	systemVersion	buzz	relativeBuzz	sentiment	optimism	fear	joy	trust	violence	conflict	gloom	stress	timeUrgency	uncertainty	emotionVsFact	longShort	longShortForecast	priceDirection	priceForecast	volatility	consumptionVolume	productionVolume	regulatoryIssues	supplyVsDemand	supplyVsDemandForecast	acreageCultivated	agDisease	subsidies	subsidiesSentiment	weatherDamage
mp:2017-08-11_21.00.00.News.COM_AGR.CTTL	CTTL	2017-08-11T21:00:00.000Z	News	2.2.18	1404.6	0.117513	-0.143101	-0.009255	0.012815	0.003560	0.001602	0.069415	0.029190	0.003560	0.044497	0.012459	0.007119	0.095294	0.010679		0.006408		0.033177	-0.000712	-0.003204		0.010323	0.001424	0.004272	0.001424			0.003204
mp:2017-08-11_21.00.00.News.COM_AGR.COC	COC	2017-08-11T21:00:00.000Z	News	2.2.18	123.0	0.010291	-0.674797						0.081301	0.008130	0.048780	-0.008130		0.184959			-0.008130												
mp:2017-08-11_21.00.00.News.COM_AGR.COF	COF	2017-08-11T21:00:00.000Z	News	2.2.18	429.0	0.035891	-0.088578	0.030303	0.003497	0.006993	0.005828	0.011655	-0.019814	0.027972	0.061772	0.023310		0.162005	-0.012821		0.011655		0.058275				-0.020979						
mp:2017-08-11_21.00.00.News.COM_AGR.COR	COR	2017-08-11T21:00:00.000Z	News	2.2.18	2104.2	0.176044	-0.150651	-0.029702	0.005228	0.008079	-0.000832	0.005228	-0.026376	0.037069	0.021861	0.000475	0.021861	0.071856	0.008079	-0.000475	-0.024475	-0.005703	0.049995		0.035881		0.088395	0.028039	-0.002851	0.004277			0.002139
mp:2017-08-11_21.00.00.News.COM_AGR.COT	COT	2017-08-11T21:00:00.000Z	News	2.2.18	818.7	0.068495	-0.218029	-0.021375	0.007329	0.001221	-0.000305	0.029315	0.020765	0.031758	0.089776	0.009772	0.009772	0.116343	-0.004886		0.006107		0.018932	-0.001221	-0.002443		0.001221		0.015879	0.020765			0.007329
mp:2017-08-11_21.00.00.News.COM_AGR.HOGS	HOGS	2017-08-11T21:00:00.000Z	News	2.2.18	110.0	0.009203	0.045455	0.072727	0.018182			0.027273	-0.072727		0.036364	-0.036364		0.054545	0.036364		0.054545						-0.036364	-0.072727					
mp:2017-08-11_21.00.00.News.COM_AGR.ORJ	ORJ	2017-08-11T21:00:00.000Z	News	2.2.18	4.0	0.000335	-0.750000									-0.250000		0.250000															
mp:2017-08-11_21.00.00.News.COM_AGR.POIL	POIL	2017-08-11T21:00:00.000Z	News	2.2.18	536.0	0.044843	0.074627	0.018657	0.003731				0.013060	0.050373	0.061567	-0.016791		0.111940	-0.031716		-0.037313	-0.005597	0.009328		0.027985		0.055970	0.018657					
mp:2017-08-11_21.00.00.News.COM_AGR.RICE1	RICE1	2017-08-11T21:00:00.000Z	News	2.2.18	781.5	0.065383	-0.053103	0.007038		0.007678	0.001919	0.028791	0.025592	0.031990	0.074856	0.023672	0.018554	0.122201	-0.002559		-0.001280	-0.002559	0.037748		0.010877		0.010237	0.000000	0.005118		0.010237	0.003839	0.055022
mp:2017-08-11_21.00.00.News.COM_AGR.SOY1	SOY1	2017-08-11T21:00:00.000Z	News	2.2.18	1716.5	0.143608	-0.194873	-0.009904	0.003495	0.000583	0.000583	0.008156	-0.038159	0.042237	0.032333	0.004661	0.014273	0.063137	0.009321		-0.024468	-0.006991	0.053597		0.042528		0.097291	0.039033	-0.009904				0.000583
mp:2017-08-11_21.00.00.News.COM_AGR.SUG	SUG	2017-08-11T21:00:00.000Z	News	2.2.18	1109.9	0.092858	-0.136949	0.018020	0.003604	0.001802	-0.004505	0.004505	-0.002703	0.035138	0.065321	-0.002252	0.012614	0.160623	-0.033336		-0.003604		0.032796		0.006307		0.021173		-0.000901				0.001802
mp:2017-08-11_21.00.00.News.COM_AGR.WHT	WHT	2017-08-11T21:00:00.000Z	News	2.2.18	2815.3	0.235537	-0.243846	0.002486	0.006038	0.000710	0.001154	0.003907	0.001066	0.020602	0.070685	-0.022378	0.050616	0.120698	0.020779	0.001421	-0.011366		0.030476		0.008170		0.047597	0.008880	0.000533				0.002131
mp:2017-08-11_21.00.00.News_Social.COM_AGR.CTTL	CTTL	2017-08-11T21:00:00.000Z	News_Social	2.2.18	1787.7	0.128405	-0.140404	-0.012027	0.010069	0.006153	0.001748	0.076914	0.028528	0.009509	0.042792	0.014264	0.009789	0.100143	0.006433	0.001119	0.002797		0.033675	0.000000	-0.000559		0.011467	0.001119	0.002238	0.001119			0.002517
mp:2017-08-11_21.00.00.News_Social.COM_AGR.COC	COC	2017-08-11T21:00:00.000Z	News_Social	2.2.18	123.0	0.008835	-0.674797						0.081301	0.008130	0.048780	-0.008130		0.184959			-0.008130												
mp:2017-08-11_21.00.00.News_Social.COM_AGR.COF	COF	2017-08-11T21:00:00.000Z	News_Social	2.2.18	602.0	0.043240	-0.080565	0.029900	0.002492	0.004983	0.004568	0.011628	-0.007475	0.023256	0.049003	0.016611	0.008306	0.147841	-0.012458		0.009967		0.069767				-0.014950			-0.000831			0.023256
mp:2017-08-11_21.00.00.News_Social.COM_AGR.COR	COR	2017-08-11T21:00:00.000Z	News_Social	2.2.18	2485.3	0.178511	-0.156722	-0.029574	0.005231	0.010462	-0.000805	0.008852	-0.018911	0.035207	0.024142	0.003219	0.018911	0.070535	0.008450	-0.000402	-0.021527	-0.004828	0.055044		0.031385		0.084094	0.023740	-0.004426	0.003621			0.012675
mp:2017-08-11_21.00.00.News_Social.COM_AGR.COT	COT	2017-08-11T21:00:00.000Z	News_Social	2.2.18	935.7	0.067208	-0.218553	-0.018703	0.006412	0.001069	0.001336	0.028855	0.022977	0.030993	0.084429	0.007481	0.008550	0.114620	-0.001069		0.005344		0.018703	-0.001069	-0.006412		-0.002137		0.013893	0.020306			0.007481
mp:2017-08-11_21.00.00.News_Social.COM_AGR.HOGS	HOGS	2017-08-11T21:00:00.000Z	News_Social	2.2.18	159.5	0.011456	0.018809	0.050157	0.012539		0.001567	0.053292	-0.056426	0.006270	0.056426	-0.050157	0.006270	0.080721	0.062696		0.037618						-0.025078	-0.050157					
mp:2017-08-11_21.00.00.News_Social.COM_AGR.ORJ	ORJ	2017-08-11T21:00:00.000Z	News_Social	2.2.18	4.0	0.000287	-0.750000									-0.250000		0.250000															
mp:2017-08-11_21.00.00.News_Social.COM_AGR.POIL	POIL	2017-08-11T21:00:00.000Z	News_Social	2.2.18	580.0	0.041659	0.060345	0.017241	0.003448		-0.000862	0.006897	0.012069	0.050000	0.060345	-0.013793		0.106034	-0.029310		-0.034483	-0.005172	0.012069		0.029310	0.003448	0.051724	0.017241					0.003448
mp:2017-08-11_21.00.00.News_Social.COM_AGR.RICE1	RICE1	2017-08-11T21:00:00.000Z	News_Social	2.2.18	1002.0	0.071970	-0.055888	0.018463		0.005988	0.002745	0.034431	0.044910	0.024950	0.077844	0.028443	0.016467	0.131113	0.003992		0.000000	-0.001996	0.033433		0.008483		0.005489	0.000000	0.004990		0.012974	0.003992	0.046906
mp:2017-08-11_21.00.00.News_Social.COM_AGR.SOY1	SOY1	2017-08-11T21:00:00.000Z	News_Social	2.2.18	1832.3	0.131608	-0.194291	-0.009278	0.003275	0.000546	0.000819	0.007641	-0.033837	0.039568	0.033837	0.004912	0.014463	0.062449	0.009278		-0.027288	-0.006549	0.050647	0.001092	0.040932		0.088686	0.036566	-0.008186				0.000546
mp:2017-08-11_21.00.00.News_Social.COM_AGR.SUG	SUG	2017-08-11T21:00:00.000Z	News_Social	2.2.18	1425.9	0.102418	-0.125535	0.020338	0.004208	0.002104	-0.005435	0.004208	0.009117	0.035767	0.072586	0.008416	0.013325	0.163774	-0.021741	0.000701	-0.005610		0.032541		0.007013		0.017883		-0.000701	0.001403			0.003857
mp:2017-08-11_21.00.00.News_Social.COM_AGR.WHT	WHT	2017-08-11T21:00:00.000Z	News_Social	2.2.18	2985.0	0.214403	-0.236516	0.004020	0.005695	0.000670	0.001675	0.003853	0.002513	0.019430	0.070519	-0.020268	0.048409	0.119891	0.019933	0.001340	-0.011390		0.030486		0.009045		0.047906	0.008375	0.001843		0.000335		0.002010
mp:2017-08-11_21.00.00.Social.COM_AGR.CTTL	CTTL	2017-08-11T21:00:00.000Z	Social	2.2.18	383.1	0.194497	-0.130514	-0.022187		0.015662	0.002284	0.104411	0.026103	0.031323	0.036544	0.020882	0.019577	0.117920	-0.009136	0.005221	-0.010441		0.035500	0.002610	0.009136		0.015662		-0.005221				
mp:2017-08-11_21.00.00.Social.COM_AGR.COF	COF	2017-08-11T21:00:00.000Z	Social	2.2.18	173.0	0.087831	-0.060694	0.028902			0.001445	0.011561	0.023121	0.011561	0.017341	0.000000	0.028902	0.112717	-0.011561		0.005780		0.098266							-0.002890			0.080925
mp:2017-08-11_21.00.00.Social.COM_AGR.COR	COR	2017-08-11T21:00:00.000Z	Social	2.2.18	381.1	0.193481	-0.190239	-0.028864	0.005248	0.023616	-0.000656	0.028864	0.022304	0.024928	0.036736	0.018368	0.002624	0.063238	0.010496		-0.005248		0.082918		0.006560		0.060352		-0.013120				0.070848
mp:2017-08-11_21.00.00.Social.COM_AGR.COT	COT	2017-08-11T21:00:00.000Z	Social	2.2.18	117.0	0.059400	-0.222222				0.012821	0.025641	0.038462	0.025641	0.047009	-0.008547		0.102564	0.025641				0.017094		-0.034188		-0.025641			0.017094			0.008547
mp:2017-08-11_21.00.00.Social.COM_AGR.HOGS	HOGS	2017-08-11T21:00:00.000Z	Social	2.2.18	49.5	0.025131	-0.040404	0.000000			0.005051	0.111111	-0.020202	0.020202	0.101010	-0.080808	0.020202	0.138889	0.121212														
mp:2017-08-11_21.00.00.Social.COM_AGR.POIL	POIL	2017-08-11T21:00:00.000Z	Social	2.2.18	44.0	0.022338	-0.113636				-0.011364	0.090909		0.045455	0.045455	0.022727		0.034091					0.045455		0.045455	0.045455	0.000000						0.045455
mp:2017-08-11_21.00.00.Social.COM_AGR.RICE1	RICE1	2017-08-11T21:00:00.000Z	Social	2.2.18	220.5	0.111946	-0.065760	0.058957			0.005669	0.054422	0.113379		0.088435	0.045351	0.009070	0.162698	0.027211		0.004535		0.018141		0.000000		-0.011338		0.004535		0.022676	0.004535	0.018141
mp:2017-08-11_21.00.00.Social.COM_AGR.SOY1	SOY1	2017-08-11T21:00:00.000Z	Social	2.2.18	115.8	0.058791	-0.185665	0.000000			0.004318		0.030225		0.056131	0.008636	0.017271	0.052245	0.008636		-0.069085		0.006908	0.017271	0.017271		-0.038860		0.017271				
mp:2017-08-11_21.00.00.Social.COM_AGR.SUG	SUG	2017-08-11T21:00:00.000Z	Social	2.2.18	316.0	0.160431	-0.085443	0.028481	0.006329	0.003165	-0.008703	0.003165	0.050633	0.037975	0.098101	0.045886	0.015823	0.174842	0.018987	0.003165	-0.012658		0.031646		0.009494		0.006329			0.006329			0.011076
mp:2017-08-11_21.00.00.Social.COM_AGR.WHT	WHT	2017-08-11T21:00:00.000Z	Social	2.2.18	169.7	0.086155	-0.114909	0.029464			0.010312	0.002946	0.026517		0.067767	0.014732	0.011786	0.106511	0.005893		-0.011786		0.030642		0.023571		0.053035		0.023571		0.005893		