id	assetCode	windowTimestamp	dataType	systemVersion	buzz	relativeBuzz	sentiment	optimism	fear	joy	trust	violence	conflict	gloom	stress	timeUrgency	uncertainty	emotionVsFact	longShort	longShortForecast	priceDirection	priceForecast	volatility	consumptionVolume	productionVolume	regulatoryIssues	supplyVsDemand	supplyVsDemandForecast	newExploration	safetyAccident
mp:2017-08-14_03.00.00.News_Social.COM_ENM.ALU	ALU	2017-08-14T03:00:00.000Z	News_Social	2.2.19	691.0	0.044427	-0.010854	-0.015195	0.002894	0.002171	0.001085	0.019537	0.001447	0.017366	0.049204	0.013748	0.028220	0.114689	-0.017366	0.000000	0.011577	0.001447	0.044139	0.001447	-0.044863	0.000724	0.041968	-0.002894		
mp:2017-08-14_03.00.00.News_Social.COM_ENM.BIOF	BIOF	2017-08-14T03:00:00.000Z	News_Social	2.2.19	12.5	0.000804	0.160000	-0.080000					-0.120000				-0.040000	-0.050000					-0.040000	0.000000			0.160000	0.000000		
mp:2017-08-14_03.00.00.News_Social.COM_ENM.COA	COA	2017-08-14T03:00:00.000Z	News_Social	2.2.19	737.4	0.047411	-0.128831	0.004068	0.008137	0.005424	-0.002373	0.056279	0.034581	0.033903	0.071874	0.003390	0.028478	0.142765	0.015595	0.001356	0.006781	0.001356	0.034445		-0.002034	0.004746	-0.012205	-0.002712	0.002712	0.001356
mp:2017-08-14_03.00.00.News_Social.COM_ENM.CPPR	CPPR	2017-08-14T03:00:00.000Z	News_Social	2.2.19	693.0	0.044556	0.062771	0.016595	0.008658	0.001443	0.002165	0.005772	0.024531	0.011544	0.023810	-0.015152	0.039683	0.149531	0.008658	0.008658	0.044733	0.000000	0.004329		-0.008658		-0.028860		0.002886	
mp:2017-08-14_03.00.00.News_Social.COM_ENM.CRU	CRU	2017-08-14T03:00:00.000Z	News_Social	2.2.19	4186.6	0.269174	-0.037859	-0.004538	0.004538	0.000239	0.006748	0.007882	-0.005255	0.025677	0.061745	-0.010151	0.016242	0.100135	0.005733	0.000239	0.008002	0.000239	0.022954	0.000478	-0.010271	0.000478	-0.012301	0.000955	0.000239	0.000239
mp:2017-08-14_03.00.00.News_Social.COM_ENM.BIOETH	BIOETH	2017-08-14T03:00:00.000Z	News_Social	2.2.19	12.0	0.000772	0.000000									-0.166667	0.083333	-0.020833					0.083333				-0.166667	-0.166667		
mp:2017-08-14_03.00.00.News_Social.COM_ENM.MOG	MOG	2017-08-14T03:00:00.000Z	News_Social	2.2.19	294.8	0.018954	0.101764	0.047490	0.013569	0.006784	0.000848	0.005088	0.015265	0.013569	0.040706	-0.003392		0.162144	-0.003392		-0.003392		0.034939		0.001696		-0.022049	-0.003392		
mp:2017-08-14_03.00.00.News_Social.COM_ENM.GOL	GOL	2017-08-14T03:00:00.000Z	News_Social	2.2.19	4478.7	0.287954	0.023556	0.033938	0.007926	0.017639	-0.000949	0.021993	0.008820	0.028356	0.063523	0.004242	0.027798	0.148525	0.005694	0.002456	0.003461		0.035658		0.006252	0.000223	-0.057383	-0.011052	0.003238	0.000223
mp:2017-08-14_03.00.00.News_Social.COM_ENM.HOIL	HOIL	2017-08-14T03:00:00.000Z	News_Social	2.2.19	1.0	0.000064	-1.000000											0.250000												
mp:2017-08-14_03.00.00.News_Social.COM_ENM.IRN	IRN	2017-08-14T03:00:00.000Z	News_Social	2.2.19	720.5	0.046324	-0.284525	-0.015961	0.004164		0.000000	0.023595	0.011797	0.029146	0.072866	0.033310	0.012491	0.150763	0.004164		-0.006940		0.038862		0.001388		0.034698		0.005552	
mp:2017-08-14_03.00.00.News_Social.COM_ENM.JET	JET	2017-08-14T03:00:00.000Z	News_Social	2.2.19	5.0	0.000321	0.400000											-0.050000							0.200000		-0.400000			
mp:2017-08-14_03.00.00.News_Social.COM_ENM.LNG	LNG	2017-08-14T03:00:00.000Z	News_Social	2.2.19	129.0	0.008294	-0.081395	0.069767			-0.011628	0.038760	0.081395	0.038760		0.042636	0.046512	0.166667	0.015504	0.007752			0.023256	0.015504	0.015504		0.011628			0.046512
mp:2017-08-14_03.00.00.News_Social.COM_ENM.NAP	NAP	2017-08-14T03:00:00.000Z	News_Social	2.2.19	34.0	0.002186	0.294118	0.058824			-0.044118		-0.058824	0.029412	0.029412			0.176471	-0.029412				0.029412				-0.058824			
mp:2017-08-14_03.00.00.News_Social.COM_ENM.NGS	NGS	2017-08-14T03:00:00.000Z	News_Social	2.2.19	406.1	0.026110	0.038168	0.034474		0.002462	0.005848	0.041862	0.022162	0.049249	0.023393	0.023393	0.017237	0.119367	0.012312	0.002462	0.007387		0.040877	0.004925	0.029549		0.013543			
mp:2017-08-14_03.00.00.News_Social.COM_ENM.NKL	NKL	2017-08-14T03:00:00.000Z	News_Social	2.2.19	299.0	0.019224	-0.165552	-0.001672	0.003344	0.010033	0.005435	0.020067	0.010033	0.086957	0.140468	0.033445	0.020067	0.201087	0.000000		0.003344		0.006689		0.010033		0.000000	-0.006689	0.003344	
mp:2017-08-14_03.00.00.News_Social.COM_ENM.NSEA	NSEA	2017-08-14T03:00:00.000Z	News_Social	2.2.19	51.0	0.003279	-0.176471	0.019608			0.019608		0.039216	0.039216	0.078431	0.117647		0.083333	0.019608		0.019608		0.078431				-0.019608			
mp:2017-08-14_03.00.00.News_Social.COM_ENM.PALL	PALL	2017-08-14T03:00:00.000Z	News_Social	2.2.19	13.0	0.000836	0.153846	-0.076923					0.153846		0.153846	-0.076923		0.211538	-0.076923											
mp:2017-08-14_03.00.00.News_Social.COM_ENM.PLAT	PLAT	2017-08-14T03:00:00.000Z	News_Social	2.2.19	186.5	0.011991	-0.016086	0.064343		0.091153	0.002681	0.016086	0.005362	0.085791	0.061662	-0.026810	0.016086	0.199062	-0.010724				0.016086		-0.042895		-0.021448			
mp:2017-08-14_03.00.00.News_Social.COM_ENM.RAREE	RAREE	2017-08-14T03:00:00.000Z	News_Social	2.2.19	31.5	0.002025	0.000000	0.031746		0.063492			-0.095238	0.031746		0.031746	0.031746	0.202381			0.031746		0.079365							
mp:2017-08-14_03.00.00.News_Social.COM_ENM.SLVR	SLVR	2017-08-14T03:00:00.000Z	News_Social	2.2.19	573.3	0.036860	0.036630	0.071516	0.007849	0.040119	0.010248	0.062794	-0.001744	0.036630	0.052329	0.025292	0.019187	0.176217	0.008721	0.006977	-0.006977		0.048491	-0.003489	-0.001744		0.006977			
mp:2017-08-14_03.00.00.News_Social.COM_ENM.STEE	STEE	2017-08-14T03:00:00.000Z	News_Social	2.2.19	1892.6	0.121683	-0.167494	-0.013474	0.010039	0.002113	-0.000925	0.029325	0.014002	0.027740	0.073972	-0.000264	0.014002	0.142080	-0.002642		0.014794	0.005812	0.048029	0.002113	0.007397	0.000528	-0.021928	-0.001057		
mp:2017-08-14_03.00.00.News_Social.COM_ENM.URAN	URAN	2017-08-14T03:00:00.000Z	News_Social	2.2.19	105.0	0.006751	-0.076190	-0.061905			-0.001190	0.057143	-0.014286	0.066667	0.085714		0.047619	0.153571	-0.004762		-0.009524		0.028571	0.009524			0.009524			
mp:2017-08-14_03.00.00.News.COM_ENM.ALU	ALU	2017-08-14T03:00:00.000Z	News	2.2.19	541.5	0.045726	-0.022161	-0.013850	0.001847	-0.000923	0.001385	0.017544	0.000000	0.012927	0.034164	0.008310	0.026777	0.102262	-0.016620	0.000000	0.012927	0.001847	0.046168	0.001847	-0.062789	0.000923	0.048015			
mp:2017-08-14_03.00.00.News.COM_ENM.BIOF	BIOF	2017-08-14T03:00:00.000Z	News	2.2.19	10.5	0.000887	0.095238	-0.095238					-0.047619				-0.047619	-0.107143					-0.047619	0.000000			0.190476	0.000000		
mp:2017-08-14_03.00.00.News.COM_ENM.COA	COA	2017-08-14T03:00:00.000Z	News	2.2.19	519.9	0.043902	-0.175034	0.015388	0.003847	0.003847	-0.004809	0.045201	0.051933	0.038469	0.061550	-0.016349	0.023081	0.149115	0.013464		0.001923	-0.001923	0.045009		0.000962	0.007694	-0.014426		0.001923	0.001923
mp:2017-08-14_03.00.00.News.COM_ENM.CPPR	CPPR	2017-08-14T03:00:00.000Z	News	2.2.19	517.5	0.043699	0.047343	0.021256	0.009662	0.001932	0.002415		0.017391	0.007729	0.017391	-0.030918	0.038647	0.152899	0.007729	0.009662	0.048309				-0.019324		-0.030918			
mp:2017-08-14_03.00.00.News.COM_ENM.CRU	CRU	2017-08-14T03:00:00.000Z	News	2.2.19	3776.6	0.318908	-0.019859	-0.001059	0.004899	0.000265	0.007646	0.006355	-0.010062	0.024361	0.059180	-0.014299	0.015093	0.096211	0.006090	0.000265	0.008076	0.000265	0.018959	0.000530	-0.010194	0.000265	-0.012313	0.001059	0.000265	
mp:2017-08-14_03.00.00.News.COM_ENM.BIOETH	BIOETH	2017-08-14T03:00:00.000Z	News	2.2.19	3.0	0.000253	0.666667										0.333333	0.250000												
mp:2017-08-14_03.00.00.News.COM_ENM.MOG	MOG	2017-08-14T03:00:00.000Z	News	2.2.19	224.6	0.018966	0.138023	0.062333	0.017809	0.008905	0.001113	0.002226	0.026714	0.008905	0.040071	0.008905		0.169635	0.004452		-0.004452		0.033838		-0.004452		-0.026714	-0.004452		
mp:2017-08-14_03.00.00.News.COM_ENM.GOL	GOL	2017-08-14T03:00:00.000Z	News	2.2.19	3311.0	0.279591	0.029447	0.033374	0.008155	0.019330	-0.002945	0.021746	0.011628	0.029447	0.060707	0.000755	0.023105	0.133117	0.005889	0.002718	0.003473		0.035186		0.004832	0.000302	-0.073845	-0.014044	0.002416	0.000302
mp:2017-08-14_03.00.00.News.COM_ENM.HOIL	HOIL	2017-08-14T03:00:00.000Z	News	2.2.19	1.0	0.000084	-1.000000											0.250000												
mp:2017-08-14_03.00.00.News.COM_ENM.IRN	IRN	2017-08-14T03:00:00.000Z	News	2.2.19	489.0	0.041293	-0.349693	-0.020450	0.002045		-0.000511	0.020450	0.004090	0.028630	0.067485	0.030675	0.010225	0.151329	0.004090		-0.006135		0.049080		-0.004090		0.028630			
mp:2017-08-14_03.00.00.News.COM_ENM.JET	JET	2017-08-14T03:00:00.000Z	News	2.2.19	5.0	0.000422	0.400000											-0.050000							0.200000		-0.400000			
mp:2017-08-14_03.00.00.News.COM_ENM.LNG	LNG	2017-08-14T03:00:00.000Z	News	2.2.19	60.5	0.005109	-0.322314				-0.049587		0.206612			0.099174	0.099174	0.200413									0.041322			0.099174
mp:2017-08-14_03.00.00.News.COM_ENM.NAP	NAP	2017-08-14T03:00:00.000Z	News	2.2.19	34.0	0.002871	0.294118	0.058824			-0.044118		-0.058824	0.029412	0.029412			0.176471	-0.029412				0.029412				-0.058824			
mp:2017-08-14_03.00.00.News.COM_ENM.NGS	NGS	2017-08-14T03:00:00.000Z	News	2.2.19	218.2	0.018425	-0.022915	-0.018332			0.004583	0.050412	0.050412	0.059578	0.018332	0.032081	0.013749	0.113199	0.018332		0.009166		0.060495		0.009166		0.022915			
mp:2017-08-14_03.00.00.News.COM_ENM.NKL	NKL	2017-08-14T03:00:00.000Z	News	2.2.19	132.0	0.011146	-0.196970				0.003788	0.030303	0.015152	0.075758	0.189394	0.075758	0.015152	0.215909			0.007576		0.007576		0.007576		0.015152			
mp:2017-08-14_03.00.00.News.COM_ENM.NSEA	NSEA	2017-08-14T03:00:00.000Z	News	2.2.19	40.0	0.003378	-0.175000				0.025000		0.050000	0.050000	0.100000	0.150000		0.112500			0.025000		0.050000				0.050000			
mp:2017-08-14_03.00.00.News.COM_ENM.PLAT	PLAT	2017-08-14T03:00:00.000Z	News	2.2.19	119.0	0.010049	-0.042017	0.151261		0.142857	0.004202	0.025210	0.008403	0.067227	0.042017	-0.042017		0.195378					0.008403		-0.067227		-0.033613			
mp:2017-08-14_03.00.00.News.COM_ENM.RAREE	RAREE	2017-08-14T03:00:00.000Z	News	2.2.19	13.0	0.001098	0.076923						-0.076923	0.076923				0.173077			0.076923		0.076923							
mp:2017-08-14_03.00.00.News.COM_ENM.SLVR	SLVR	2017-08-14T03:00:00.000Z	News	2.2.19	227.0	0.019169	0.171806	0.101322	0.004405	0.092511	0.024780	0.070485	-0.004405	0.013216	0.028634	0.030837	0.017621	0.202643	-0.008811				0.035242		0.004405		0.017621			
mp:2017-08-14_03.00.00.News.COM_ENM.STEE	STEE	2017-08-14T03:00:00.000Z	News	2.2.19	1553.0	0.131140	-0.152286	-0.012556	0.011590	0.001932	-0.001046	0.033806	0.009659	0.028010	0.081133	0.001288	0.014488	0.145364	0.001932		0.014810	0.007083	0.050225	0.002576	0.007727	0.000644	-0.025757	-0.002576		
mp:2017-08-14_03.00.00.News.COM_ENM.URAN	URAN	2017-08-14T03:00:00.000Z	News	2.2.19	46.0	0.003884	0.000000	-0.043478				0.065217	-0.043478	0.043478	0.108696		0.086957	0.206522					0.043478							
mp:2017-08-14_03.00.00.Social.COM_ENM.ALU	ALU	2017-08-14T03:00:00.000Z	Social	2.2.19	149.5	0.040283	0.030100	-0.020067	0.006689	0.013378	0.000000	0.026756	0.006689	0.033445	0.103679	0.033445	0.033445	0.159699	-0.020067		0.006689		0.036789		0.020067		0.020067	-0.013378		
mp:2017-08-14_03.00.00.Social.COM_ENM.BIOF	BIOF	2017-08-14T03:00:00.000Z	Social	2.2.19	2.0	0.000539	0.500000						-0.500000					0.250000												
mp:2017-08-14_03.00.00.Social.COM_ENM.COA	COA	2017-08-14T03:00:00.000Z	Social	2.2.19	217.5	0.058606	-0.018391	-0.022989	0.018391	0.009195	0.003448	0.082759	-0.006897	0.022989	0.096552	0.050575	0.041379	0.127586	0.020690	0.004598	0.018391	0.009195	0.009195		-0.009195	-0.002299	-0.006897	-0.009195	0.004598	
mp:2017-08-14_03.00.00.Social.COM_ENM.CPPR	CPPR	2017-08-14T03:00:00.000Z	Social	2.2.19	175.5	0.047289	0.108262	0.002849	0.005698		0.001425	0.022792	0.045584	0.022792	0.042735	0.031339	0.042735	0.139601	0.011396	0.005698	0.034188	0.000000	0.017094		0.022792		-0.022792		0.011396	
mp:2017-08-14_03.00.00.Social.COM_ENM.CRU	CRU	2017-08-14T03:00:00.000Z	Social	2.2.19	410.0	0.110476	-0.203659	-0.036585	0.001220		-0.001524	0.021951	0.039024	0.037805	0.085366	0.028049	0.026829	0.136280	0.002439		0.007317		0.059756		-0.010976	0.002439	-0.012195	0.000000		0.002439
mp:2017-08-14_03.00.00.Social.COM_ENM.BIOETH	BIOETH	2017-08-14T03:00:00.000Z	Social	2.2.19	9.0	0.002425	-0.222222									-0.222222		-0.111111					0.111111				-0.222222	-0.222222		
mp:2017-08-14_03.00.00.Social.COM_ENM.MOG	MOG	2017-08-14T03:00:00.000Z	Social	2.2.19	70.2	0.018916	-0.014245	0.000000				0.014245	-0.021368	0.028490	0.042735	-0.042735		0.138177	-0.028490				0.038462		0.021368		-0.007123			
mp:2017-08-14_03.00.00.Social.COM_ENM.GOL	GOL	2017-08-14T03:00:00.000Z	Social	2.2.19	1167.7	0.314642	0.006851	0.035540	0.007279	0.012846	0.004710	0.022694	0.000856	0.025263	0.071508	0.014130	0.041106	0.192215	0.005138	0.001713	0.003426		0.036996		0.010277		-0.010705	-0.002569	0.005566	
mp:2017-08-14_03.00.00.Social.COM_ENM.IRN	IRN	2017-08-14T03:00:00.000Z	Social	2.2.19	231.5	0.062379	-0.146868	-0.006479	0.008639		0.001080	0.030238	0.028078	0.030238	0.084233	0.038877	0.017279	0.149568	0.004320		-0.008639		0.017279		0.012959		0.047516		0.017279	
mp:2017-08-14_03.00.00.Social.COM_ENM.LNG	LNG	2017-08-14T03:00:00.000Z	Social	2.2.19	68.5	0.018458	0.131387	0.131387			0.021898	0.072993	-0.029197	0.072993		-0.007299		0.136861	0.029197	0.014599			0.043796	0.029197	0.029197		-0.014599			
mp:2017-08-14_03.00.00.Social.COM_ENM.NGS	NGS	2017-08-14T03:00:00.000Z	Social	2.2.19	187.9	0.050631	0.109101	0.095796		0.005322	0.007318	0.031932	-0.010644	0.037254	0.029271	0.013305	0.021288	0.126530	0.005322	0.005322	0.005322		0.018095	0.010644	0.053220		0.002661			
mp:2017-08-14_03.00.00.Social.COM_ENM.NKL	NKL	2017-08-14T03:00:00.000Z	Social	2.2.19	167.0	0.044999	-0.140719	-0.002994	0.005988	0.017964	0.006737	0.011976	0.005988	0.095808	0.101796	0.000000	0.023952	0.189371	0.000000				0.005988		0.011976		-0.011976	-0.011976	0.005988	
mp:2017-08-14_03.00.00.Social.COM_ENM.NSEA	NSEA	2017-08-14T03:00:00.000Z	Social	2.2.19	11.0	0.002964	-0.181818	0.090909										-0.022727	0.090909				0.181818				-0.272727			
mp:2017-08-14_03.00.00.Social.COM_ENM.PALL	PALL	2017-08-14T03:00:00.000Z	Social	2.2.19	13.0	0.003503	0.153846	-0.076923					0.153846		0.153846	-0.076923		0.211538	-0.076923											
mp:2017-08-14_03.00.00.Social.COM_ENM.PLAT	PLAT	2017-08-14T03:00:00.000Z	Social	2.2.19	67.5	0.018188	0.029630	-0.088889					0.000000	0.118519	0.096296	0.000000	0.044444	0.205556	-0.029630				0.029630							
mp:2017-08-14_03.00.00.Social.COM_ENM.RAREE	RAREE	2017-08-14T03:00:00.000Z	Social	2.2.19	18.5	0.004985	-0.054054	0.054054		0.108108			-0.108108			0.054054	0.054054	0.222973					0.081081							
mp:2017-08-14_03.00.00.Social.COM_ENM.SLVR	SLVR	2017-08-14T03:00:00.000Z	Social	2.2.19	346.3	0.093312	-0.051978	0.051978	0.010107	0.005775	0.000722	0.057753	0.000000	0.051978	0.067860	0.021658	0.020214	0.158894	0.020214	0.011551	-0.011551		0.057176	-0.005775	-0.005775		0.000000			
mp:2017-08-14_03.00.00.Social.COM_ENM.STEE	STEE	2017-08-14T03:00:00.000Z	Social	2.2.19	339.6	0.091507	-0.237044	-0.017668	0.002945	0.002945	-0.000368	0.008834	0.033863	0.026502	0.041225	-0.007362	0.011779	0.127061	-0.023557		0.014723		0.037986		0.005889		-0.004417	0.005889		
mp:2017-08-14_03.00.00.Social.COM_ENM.URAN	URAN	2017-08-14T03:00:00.000Z	Social	2.2.19	59.0	0.015898	-0.135593	-0.076271			-0.002119	0.050847	0.008475	0.084746	0.067797		0.016949	0.112288	-0.008475		-0.016949		0.016949	0.016949			0.016949			