id	assetCode	windowTimestamp	dataType	systemVersion	buzz	relativeBuzz	sentiment	optimism	fear	joy	trust	violence	conflict	gloom	stress	timeUrgency	uncertainty	emotionVsFact	longShort	longShortForecast	priceDirection	priceForecast	volatility	consumptionVolume	productionVolume	regulatoryIssues	supplyVsDemand	supplyVsDemandForecast	acreageCultivated	agDisease	subsidies	subsidiesSentiment	weatherDamage
mp:2017-08-12_09.00.00.News.COM_AGR.CTTL	CTTL	2017-08-12T09:00:00.000Z	News	2.2.18	1017.7	0.110700	-0.208804	-0.002457	0.012774	0.003930	0.002211	0.080574	0.030952	0.021617	0.056009	0.015230	0.012774	0.132112	0.000000		0.004913		0.037044		0.000491		-0.008352	0.001965	0.002948	0.001965	0.001965	0.001965	0.004422
mp:2017-08-12_09.00.00.News.COM_AGR.COC	COC	2017-08-12T09:00:00.000Z	News	2.2.18	126.0	0.013706	-0.611111				0.001984		0.079365		0.047619			0.154762	-0.063492														
mp:2017-08-12_09.00.00.News.COM_AGR.COF	COF	2017-08-12T09:00:00.000Z	News	2.2.18	401.5	0.043673	-0.092154	0.012453	0.003736	0.007472	0.000000	0.012453	-0.004981	0.039851	0.066002	0.019925		0.157223	-0.013699		0.009963		0.054795		0.004981		-0.014944						
mp:2017-08-12_09.00.00.News.COM_AGR.COR	COR	2017-08-12T09:00:00.000Z	News	2.2.18	1837.5	0.199874	-0.021224	0.001361	0.002177	0.014150	0.006395	0.004354	-0.026667	0.042449	0.016327	-0.006259	0.024762	0.043197	0.014694		0.004626		0.048707		0.032109		0.146939	0.034286	-0.002177				0.000816
mp:2017-08-12_09.00.00.News.COM_AGR.COT	COT	2017-08-12T09:00:00.000Z	News	2.2.18	574.2	0.062459	-0.187217	-0.007837	0.022640		0.001959	0.029606	0.012191	0.076628	0.114072	0.029606	0.012191	0.096134	0.003483		-0.013932		0.016022		-0.010449		-0.005225	0.003483	0.024382	0.005225			0.005225
mp:2017-08-12_09.00.00.News.COM_AGR.HOGS	HOGS	2017-08-12T09:00:00.000Z	News	2.2.18	92.0	0.010007	0.032609	0.086957	0.021739			0.032609	-0.086957		0.021739	-0.043478		0.114130	0.043478		0.086957												
mp:2017-08-12_09.00.00.News.COM_AGR.POIL	POIL	2017-08-12T09:00:00.000Z	News	2.2.18	404.5	0.043999	0.091471	0.029666	0.004944			0.004944	0.014833	0.044499	0.046972	-0.009889		0.117738	-0.022250		-0.044499	-0.004944	0.009889	0.004944	0.032138		0.028430	0.014833	-0.002472				
mp:2017-08-12_09.00.00.News.COM_AGR.RICE1	RICE1	2017-08-12T09:00:00.000Z	News	2.2.18	408.0	0.044380	0.060049	0.049020		-0.001225	0.007966	0.024510	-0.007353	0.022059	0.060049	0.031863	0.031863	0.112439	-0.004902		0.004902		0.066176	-0.002451	0.006127		0.013480	-0.002451	0.019608				0.031863
mp:2017-08-12_09.00.00.News.COM_AGR.SOY1	SOY1	2017-08-12T09:00:00.000Z	News	2.2.18	1274.5	0.138634	-0.162417	-0.002354	0.003138		0.000785	0.007846	-0.045508	0.039231	0.040016	-0.011377	0.020400	0.052275	0.014908		-0.005492		0.062770		0.037662		0.112985	0.050216	-0.005492				
mp:2017-08-12_09.00.00.News.COM_AGR.SUG	SUG	2017-08-12T09:00:00.000Z	News	2.2.18	699.9	0.076132	-0.152879	-0.015717	0.004286	0.004286	-0.000714	0.001429	-0.015717	0.041434	0.047864	0.000714	0.014288	0.142913	-0.050007		-0.015717		0.042006		0.002858		0.020717	0.004286	0.000000				0.001429
mp:2017-08-12_09.00.00.News.COM_AGR.WHT	WHT	2017-08-12T09:00:00.000Z	News	2.2.18	2357.5	0.256437	-0.265960	0.017815	0.006363	0.000848	0.002545	0.003818	0.005514	0.018240	0.076988	-0.032238	0.059597	0.123383	0.013574	0.001273	0.000424		0.030965		0.005090		0.039873	0.007211	0.000636				0.003393
mp:2017-08-12_09.00.00.News_Social.COM_AGR.CTTL	CTTL	2017-08-12T09:00:00.000Z	News_Social	2.2.18	1334.4	0.121371	-0.179856	-0.001874	0.009742	0.009742	0.000094	0.081685	0.029601	0.025480	0.051709	0.014239	0.014239	0.136597	-0.001499	0.000749	0.002248		0.038894	0.000749	0.000375		-0.007869	0.001499	0.002248	0.001499	0.001499	0.001499	0.004122
mp:2017-08-12_09.00.00.News_Social.COM_AGR.COC	COC	2017-08-12T09:00:00.000Z	News_Social	2.2.18	130.0	0.011824	-0.576923				0.001923	-0.003846	0.065385		0.046154			0.155769	-0.061538														
mp:2017-08-12_09.00.00.News_Social.COM_AGR.COF	COF	2017-08-12T09:00:00.000Z	News_Social	2.2.18	540.5	0.049161	-0.052729	0.012951	0.002775	0.005550	0.000000	0.012951	-0.009251	0.033302	0.049954	0.018501	0.005550	0.147780	-0.013876	0.001850	0.009251		0.062905		0.003700		-0.007401	0.003700					0.011101
mp:2017-08-12_09.00.00.News_Social.COM_AGR.COR	COR	2017-08-12T09:00:00.000Z	News_Social	2.2.18	2038.5	0.185413	-0.021339	-0.001717	0.002943	0.017169	0.005641	0.006868	-0.023301	0.042678	0.018641	-0.003679	0.022811	0.054145	0.014226		0.004170		0.048810		0.029924		0.134903	0.030905	-0.001472				0.002208
mp:2017-08-12_09.00.00.News_Social.COM_AGR.COT	COT	2017-08-12T09:00:00.000Z	News_Social	2.2.18	673.7	0.061277	-0.161051	-0.006680	0.019296		0.001670	0.035624	0.017070	0.068280	0.102419	0.023749	0.017812	0.095480	0.008164		-0.011875		0.018109		-0.008906		0.002969	0.002969	0.020781	0.007422			0.008906
mp:2017-08-12_09.00.00.News_Social.COM_AGR.HOGS	HOGS	2017-08-12T09:00:00.000Z	News_Social	2.2.18	142.7	0.012979	0.014015	0.063069	0.014015		0.001752	0.059566	-0.056062		0.049054	-0.049054	0.014015	0.121409	0.070077		0.056062		0.001402										
mp:2017-08-12_09.00.00.News_Social.COM_AGR.POIL	POIL	2017-08-12T09:00:00.000Z	News_Social	2.2.18	462.5	0.042067	0.090811	0.028108	0.004324		0.003243	0.004324	0.010811	0.043243	0.049730	0.000000		0.117027	-0.017297		-0.038919	-0.004324	0.012973	0.004324	0.030270		0.027027	0.012973	-0.002162				
mp:2017-08-12_09.00.00.News_Social.COM_AGR.RICE1	RICE1	2017-08-12T09:00:00.000Z	News_Social	2.2.18	597.5	0.054346	-0.092887	0.041004		-0.000837	0.005439	0.016736	0.010879	0.015063	0.056067	0.025941	0.021757	0.127615	0.011715		0.003347		0.050209	-0.001674	-0.000837		0.002510	-0.001674	0.013389		0.006695	0.001674	0.021757
mp:2017-08-12_09.00.00.News_Social.COM_AGR.SOY1	SOY1	2017-08-12T09:00:00.000Z	News_Social	2.2.18	1466.0	0.133341	-0.130969	0.008868	0.002729		0.000682	0.006821	-0.035812	0.035471	0.042292	-0.008527	0.020464	0.059516	0.015007		-0.008186		0.054570	0.001364	0.034789		0.100273	0.043656	-0.004775				
mp:2017-08-12_09.00.00.News_Social.COM_AGR.SUG	SUG	2017-08-12T09:00:00.000Z	News_Social	2.2.18	1082.9	0.098496	-0.076646	0.022163	0.004617	0.002770	-0.000923	0.001847	0.008311	0.037861	0.067873	0.012467	0.017545	0.157471	-0.022163	0.000923	-0.011543	0.000000	0.038231		0.007388		0.010620	0.002770	0.000923	0.001847			0.001385
mp:2017-08-12_09.00.00.News_Social.COM_AGR.WHT	WHT	2017-08-12T09:00:00.000Z	News_Social	2.2.18	2525.7	0.229726	-0.262699	0.014649	0.006731	0.000792	0.001485	0.005147	0.006335	0.017025	0.075821	-0.029893	0.056024	0.123956	0.013858	0.001188	0.000396		0.030962		0.008315		0.036426	0.006731	0.002574		0.000396		0.003167
mp:2017-08-12_09.00.00.Social.COM_AGR.CTTL	CTTL	2017-08-12T09:00:00.000Z	Social	2.2.18	316.7	0.175837	-0.086833	0.000000		0.028418	-0.006710	0.085254	0.025260	0.037891	0.037891	0.011051	0.018945	0.151010	-0.006315	0.003158	-0.006315		0.044837	0.003158	0.000000		-0.006315		0.000000				0.003158
mp:2017-08-12_09.00.00.Social.COM_AGR.COC	COC	2017-08-12T09:00:00.000Z	Social	2.2.18	4.0	0.002221	0.500000					-0.125000	-0.375000					0.187500															
mp:2017-08-12_09.00.00.Social.COM_AGR.COF	COF	2017-08-12T09:00:00.000Z	Social	2.2.18	139.0	0.077175	0.061151	0.014388				0.014388	-0.021583	0.014388	0.003597	0.014388	0.021583	0.120504	-0.014388	0.007194	0.007194		0.086331				0.014388	0.014388					0.043165
mp:2017-08-12_09.00.00.Social.COM_AGR.COR	COR	2017-08-12T09:00:00.000Z	Social	2.2.18	201.0	0.111598	-0.022388	-0.029851	0.009950	0.044776	-0.001244	0.029851	0.007463	0.044776	0.039801	0.019900	0.004975	0.154229	0.009950				0.049751		0.009950		0.024876		0.004975				0.014925
mp:2017-08-12_09.00.00.Social.COM_AGR.COT	COT	2017-08-12T09:00:00.000Z	Social	2.2.18	99.5	0.055244	-0.010050					0.070352	0.045226	0.020101	0.035176	-0.010050	0.050251	0.091709	0.035176				0.030151				0.050251			0.020101			0.030151
mp:2017-08-12_09.00.00.Social.COM_AGR.HOGS	HOGS	2017-08-12T09:00:00.000Z	Social	2.2.18	50.7	0.028149	-0.019724	0.019724			0.004931	0.108481	0.000000		0.098619	-0.059172	0.039448	0.134615	0.118343				0.003945										
mp:2017-08-12_09.00.00.Social.COM_AGR.POIL	POIL	2017-08-12T09:00:00.000Z	Social	2.2.18	58.0	0.032203	0.086207	0.017241			0.025862		-0.017241	0.034483	0.068966	0.068966		0.112069	0.017241				0.034483		0.017241		0.017241						
mp:2017-08-12_09.00.00.Social.COM_AGR.RICE1	RICE1	2017-08-12T09:00:00.000Z	Social	2.2.18	189.5	0.105213	-0.422164	0.023747					0.050132		0.047493	0.013193		0.160290	0.047493				0.015831		-0.015831		-0.021108				0.021108	0.005277	
mp:2017-08-12_09.00.00.Social.COM_AGR.SOY1	SOY1	2017-08-12T09:00:00.000Z	Social	2.2.18	191.5	0.106324	0.078329	0.083551					0.028721	0.010444	0.057441	0.010444	0.020888	0.107702	0.015666		-0.026110			0.010444	0.015666		0.015666		0.000000				
mp:2017-08-12_09.00.00.Social.COM_AGR.SUG	SUG	2017-08-12T09:00:00.000Z	Social	2.2.18	383.0	0.212648	0.062663	0.091384	0.005222		-0.001305	0.002611	0.052219	0.031332	0.104439	0.033943	0.023499	0.184073	0.028721	0.002611	-0.003916	0.000000	0.031332		0.015666		-0.007833		0.002611	0.005222			0.001305
mp:2017-08-12_09.00.00.Social.COM_AGR.WHT	WHT	2017-08-12T09:00:00.000Z	Social	2.2.18	168.2	0.093387	-0.217004	-0.029727	0.011891		-0.013377	0.023781	0.017836		0.059453	0.002973	0.005945	0.131986	0.017836				0.030916		0.053508		-0.011891		0.029727		0.005945		