id	assetCode	windowTimestamp	dataType	systemVersion	buzz	relativeBuzz	sentiment	optimism	fear	joy	trust	violence	conflict	gloom	stress	timeUrgency	uncertainty	emotionVsFact	longShort	longShortForecast	priceDirection	priceForecast	volatility	consumptionVolume	productionVolume	regulatoryIssues	supplyVsDemand	supplyVsDemandForecast	newExploration	safetyAccident
mp:2017-08-15_01.00.00.News_Social.COM_ENM.ALU	ALU	2017-08-15T01:00:00.000Z	News_Social	2.2.19	2804.3	0.046814	-0.021396	-0.017651	0.001783	0.001783	0.003923	0.004814	0.004101	0.012481	0.036551	0.013551	0.028884	0.121572	-0.009985		0.023179		0.065007	0.001426	-0.022465	-0.000357	0.013194	-0.001070		
mp:2017-08-15_01.00.00.News_Social.COM_ENM.BIOF	BIOF	2017-08-15T01:00:00.000Z	News_Social	2.2.19	229.0	0.003823	0.301310	0.082969			0.016376	0.008734	0.021834	0.008734	0.052402	0.013100	0.026201	0.162664	0.052402	0.004367	0.004367		0.043668		0.026201		-0.017467		0.000000	
mp:2017-08-15_01.00.00.News_Social.COM_ENM.COA	COA	2017-08-15T01:00:00.000Z	News_Social	2.2.19	4629.7	0.077287	-0.150334	-0.016308	0.007236	0.002808	0.001215	0.070091	0.033479	0.029916	0.079595	-0.005400	0.005400	0.148244	0.004320	0.001080	-0.005616	-0.001296	0.027475	0.001080	0.000108	0.012096	0.001296	0.000648	0.004968	0.000216
mp:2017-08-15_01.00.00.News_Social.COM_ENM.CPPR	CPPR	2017-08-15T01:00:00.000Z	News_Social	2.2.19	2156.4	0.035998	0.039881	0.014608	0.006029	0.003246	0.006724	0.012057	0.030375	0.017622	0.038490	0.003014	0.047533	0.152986	0.015767	0.005101	0.051707		0.024532	0.000000	-0.002087		0.007652	-0.000927	0.013448	0.000927
mp:2017-08-15_01.00.00.News_Social.COM_ENM.CRU	CRU	2017-08-15T01:00:00.000Z	News_Social	2.2.19	16338.6	0.272753	-0.199497	-0.010741	0.016678	0.001040	0.000497	0.005998	-0.000428	0.024115	0.067601	-0.002509	0.015607	0.121773	0.003580	0.000306	-0.004652	-0.000490	0.040799	0.000245	-0.001071	0.001040	0.008232	-0.000245	0.001040	0.000061
mp:2017-08-15_01.00.00.News_Social.COM_ENM.BIOETH	BIOETH	2017-08-15T01:00:00.000Z	News_Social	2.2.19	121.0	0.002020	0.177686	-0.016529		0.066116	0.004132	0.016529	0.016529	0.024793	0.037190	-0.016529	0.008264	0.183884	0.033058	0.016529	0.000000		0.024793	0.008264	-0.016529		0.000000			
mp:2017-08-15_01.00.00.News_Social.COM_ENM.MOG	MOG	2017-08-15T01:00:00.000Z	News_Social	2.2.19	1598.7	0.026688	-0.062551	0.026897	0.011885	0.005004	0.005630	0.021893	0.005630	0.027835	0.045662	0.008132	0.010634	0.097298	0.026271	0.001877	0.006568	0.003753	0.034591	0.008757	0.008444		-0.049415	-0.045037	0.001877	
mp:2017-08-15_01.00.00.News_Social.COM_ENM.GOL	GOL	2017-08-15T01:00:00.000Z	News_Social	2.2.19	14572.8	0.243275	-0.051912	0.022576	0.008783	0.024635	0.005979	0.027757	-0.004117	0.016675	0.074488	-0.000858	0.022542	0.173549	0.001818	-0.000069	0.004255	0.000618	0.029274	0.000274	-0.000618		-0.010602	-0.001887	0.010739	0.000206
mp:2017-08-15_01.00.00.News_Social.COM_ENM.HOIL	HOIL	2017-08-15T01:00:00.000Z	News_Social	2.2.19	96.0	0.001603	-0.343750	0.020833			-0.015625		-0.010417		0.010417	0.125000		0.093750			0.041667	0.062500	0.083333	-0.010417			0.114583			
mp:2017-08-15_01.00.00.News_Social.COM_ENM.IRN	IRN	2017-08-15T01:00:00.000Z	News_Social	2.2.19	4679.8	0.078124	-0.249690	-0.005449	0.023933	0.001282	-0.003205	0.049468	0.038784	0.018056	0.119129	-0.025749	0.015385	0.159414	-0.000641		-0.000748	0.000427	0.027864	0.000855	-0.000321	0.000214	0.013889	0.006411	0.000427	
mp:2017-08-15_01.00.00.News_Social.COM_ENM.JET	JET	2017-08-15T01:00:00.000Z	News_Social	2.2.19	33.2	0.000554	-0.030120	0.090361			-0.045181			0.030120	0.045181	0.240964	0.015060	0.262048					0.036145				-0.060241	-0.030120		
mp:2017-08-15_01.00.00.News_Social.COM_ENM.LNG	LNG	2017-08-15T01:00:00.000Z	News_Social	2.2.19	244.5	0.004082	-0.141104	-0.008180	0.008180		0.000000	0.020450	0.020450	0.036810	0.053170	0.004090	0.032720	0.134458	0.000000	0.012270	-0.008180		0.008180		0.032720		-0.012270		0.004090	0.008180
mp:2017-08-15_01.00.00.News_Social.COM_ENM.NAP	NAP	2017-08-15T01:00:00.000Z	News_Social	2.2.19	115.0	0.001920	-0.243478	0.017391		0.017391	0.052174		-0.008696	-0.034783	0.000000	-0.008696		0.097826					0.243478				0.034783			
mp:2017-08-15_01.00.00.News_Social.COM_ENM.NGS	NGS	2017-08-15T01:00:00.000Z	News_Social	2.2.19	1915.9	0.031984	-0.092646	0.018268	0.002610	0.000522	0.002218	0.016180	0.008351	0.033666	0.050368	0.018268	0.027402	0.129339	0.000261	0.002088	-0.001044		0.028864	0.001566	0.050890	0.000522	-0.048280	-0.002088	0.007307	
mp:2017-08-15_01.00.00.News_Social.COM_ENM.NKL	NKL	2017-08-15T01:00:00.000Z	News_Social	2.2.19	437.5	0.007304	0.012571	-0.002286	0.009143	0.011429	0.026857	0.029714	0.036571	0.034286	0.052571	0.089143	0.011429	0.139143	0.006857	0.004571	-0.002286		0.065143		-0.022857		0.034286		0.003429	
mp:2017-08-15_01.00.00.News_Social.COM_ENM.NSEA	NSEA	2017-08-15T01:00:00.000Z	News_Social	2.2.19	659.0	0.011001	-0.371017	0.003035	0.037936			0.009105	-0.033384	0.003035	0.053111	-0.031866	0.009105	0.134294	0.006070		-0.057663		0.052352				-0.003035		0.001517	
mp:2017-08-15_01.00.00.News_Social.COM_ENM.PALL	PALL	2017-08-15T01:00:00.000Z	News_Social	2.2.19	37.0	0.000618	0.216216						0.054054	0.054054	0.081081	-0.081081		0.209459	-0.027027				0.027027							
mp:2017-08-15_01.00.00.News_Social.COM_ENM.PLAT	PLAT	2017-08-15T01:00:00.000Z	News_Social	2.2.19	570.5	0.009524	-0.071867	0.021911		0.056091	0.009202	0.003506	-0.021911	0.036810	0.030675	-0.004382	0.007011	0.219325	0.010517	0.001753			0.008764		0.003506		-0.002629		0.001753	
mp:2017-08-15_01.00.00.News_Social.COM_ENM.RAREE	RAREE	2017-08-15T01:00:00.000Z	News_Social	2.2.19	248.0	0.004140	-0.066532	-0.020161			0.005040	0.016129	0.068548	0.008065	0.161290	0.012097	0.020161	0.075605			-0.004032		0.004032		-0.044355		0.141129			
mp:2017-08-15_01.00.00.News_Social.COM_ENM.SLVR	SLVR	2017-08-15T01:00:00.000Z	News_Social	2.2.19	2000.3	0.033393	-0.047243	0.037744	0.003999	0.022997	0.003250	0.017997	0.000500	0.016747	0.041494	0.005499	0.038994	0.178223	-0.003250	0.003499	0.002750	-0.000750	0.023946		-0.000500		-0.010248	0.001000	0.014998	
mp:2017-08-15_01.00.00.News_Social.COM_ENM.STEE	STEE	2017-08-15T01:00:00.000Z	News_Social	2.2.19	6167.8	0.102964	-0.172347	-0.023996	0.012241	0.001135	0.002027	0.030724	0.021564	0.040128	0.067204	0.009566	0.013862	0.135571	0.001459	0.000162	0.020996	0.000486	0.052823	0.000973	0.015727	0.000486	-0.002513	-0.002918		
mp:2017-08-15_01.00.00.News_Social.COM_ENM.URAN	URAN	2017-08-15T01:00:00.000Z	News_Social	2.2.19	247.5	0.004132	-0.117172	-0.006061	0.008081		0.001010	0.048485	0.036364	0.034343	0.058586	0.010101	0.048485	0.162121	-0.002020		0.016162		0.064646						0.028283	0.004040
mp:2017-08-15_01.00.00.News.COM_ENM.ALU	ALU	2017-08-15T01:00:00.000Z	News	2.2.19	2149.4	0.047107	-0.043501	-0.022099	0.001396		0.002152	0.003489	-0.010933	0.010933	0.023262	0.013957	0.029078	0.114055	-0.012562		0.029311		0.074625	0.000465	-0.026984	-0.000465	0.016051			
mp:2017-08-15_01.00.00.News.COM_ENM.BIOF	BIOF	2017-08-15T01:00:00.000Z	News	2.2.19	63.0	0.001381	0.071429	-0.031746			0.011905	0.031746	-0.015873	0.031746	0.079365	0.031746	0.031746	0.126984	0.063492	0.015873			0.063492		0.047619		0.007937			
mp:2017-08-15_01.00.00.News.COM_ENM.COA	COA	2017-08-15T01:00:00.000Z	News	2.2.19	2780.7	0.060943	-0.156256	-0.014565	0.001798	0.001079	0.004271	0.069227	0.035782	0.033445	0.070126	-0.021757	0.006833	0.133177	0.003057	0.000000	-0.010429	-0.002158	0.032797	0.002158	0.001978	0.005035	0.009530	0.000360	0.005754	
mp:2017-08-15_01.00.00.News.COM_ENM.CPPR	CPPR	2017-08-15T01:00:00.000Z	News	2.2.19	1691.0	0.037060	0.038439	0.019219	0.006505	0.003548	0.005618	0.012419	0.030751	0.018332	0.033708	0.002365	0.051449	0.152129	0.014784	0.004140	0.058250		0.022472	0.000000	-0.002661		-0.002070	-0.001183	0.016558	0.001183
mp:2017-08-15_01.00.00.News.COM_ENM.CRU	CRU	2017-08-15T01:00:00.000Z	News	2.2.19	14059.0	0.308121	-0.194004	-0.010598	0.018245	0.000925	0.000293	0.005726	-0.003841	0.024006	0.065723	-0.003877	0.015186	0.116633	0.003272	0.000427	-0.004872	-0.000249	0.041859	0.000071	-0.001423	0.000996	0.010954	-0.000356	0.000925	
mp:2017-08-15_01.00.00.News.COM_ENM.BIOETH	BIOETH	2017-08-15T01:00:00.000Z	News	2.2.19	74.1	0.001624	0.371120	-0.033738		0.107962	0.006748		-0.013495		0.006748	-0.040486	0.013495	0.195344	0.053981	0.026991	0.013495		0.021592	0.013495			0.013495			
mp:2017-08-15_01.00.00.News.COM_ENM.MOG	MOG	2017-08-15T01:00:00.000Z	News	2.2.19	1274.3	0.027928	-0.080044	0.029036	0.014518	0.006278	0.005689	0.026681	0.008240	0.031390	0.045123	0.005493	0.011379	0.085753	0.029036	0.002354	0.006278	0.004708	0.034058	0.010986	0.006670		-0.061210	-0.056502	0.002354	
mp:2017-08-15_01.00.00.News.COM_ENM.GOL	GOL	2017-08-15T01:00:00.000Z	News	2.2.19	10950.8	0.240001	-0.065703	0.023560	0.008447	0.018811	0.005776	0.030637	-0.001415	0.015433	0.079675	0.006757	0.022875	0.174816	0.002055	0.000183	0.003698	0.000731	0.029432	0.000457	-0.003013		-0.011232	-0.002603	0.012008	
mp:2017-08-15_01.00.00.News.COM_ENM.HOIL	HOIL	2017-08-15T01:00:00.000Z	News	2.2.19	87.0	0.001907	-0.310345	0.022989			-0.017241				0.011494	0.149425		0.083333			0.045977	0.068966	0.091954	-0.011494			0.126437			
mp:2017-08-15_01.00.00.News.COM_ENM.IRN	IRN	2017-08-15T01:00:00.000Z	News	2.2.19	3607.7	0.079067	-0.262494	-0.005405	0.024947		-0.003950	0.047399	0.040330	0.016354	0.129445	-0.035895	0.015800	0.169651	-0.004435		-0.001386	0.000277	0.025446	0.000554	-0.000139	0.000277	0.007761	0.008316	0.000277	
mp:2017-08-15_01.00.00.News.COM_ENM.JET	JET	2017-08-15T01:00:00.000Z	News	2.2.19	33.2	0.000728	-0.030120	0.090361			-0.045181			0.030120	0.045181	0.240964	0.015060	0.262048					0.036145				-0.060241	-0.030120		
mp:2017-08-15_01.00.00.News.COM_ENM.LNG	LNG	2017-08-15T01:00:00.000Z	News	2.2.19	68.0	0.001490	-0.176471	-0.088235	0.029412		-0.014706		0.088235		0.102941	0.029412	0.058824	0.194853	-0.014706						0.029412		-0.058824			0.029412
mp:2017-08-15_01.00.00.News.COM_ENM.NAP	NAP	2017-08-15T01:00:00.000Z	News	2.2.19	97.0	0.002126	-0.329897	0.010309		0.010309	0.030928			-0.041237	-0.010309			0.059278					0.288660				0.041237			
mp:2017-08-15_01.00.00.News.COM_ENM.NGS	NGS	2017-08-15T01:00:00.000Z	News	2.2.19	1122.7	0.024605	-0.088626	-0.009798	0.001781		0.001336	0.016033	0.006235	0.025385	0.049434	0.014251	0.033847	0.141044	-0.007571	0.000891	0.000000		0.030373	0.000891	0.054779		-0.024049	-0.003563	0.010689	
mp:2017-08-15_01.00.00.News.COM_ENM.NKL	NKL	2017-08-15T01:00:00.000Z	News	2.2.19	209.0	0.004581	0.088517	-0.004785			0.055024	0.004785	0.033493	0.038278	0.019139	0.129187	0.009569	0.141148	0.002392		-0.004785		0.114833		-0.038278		0.047847			
mp:2017-08-15_01.00.00.News.COM_ENM.NSEA	NSEA	2017-08-15T01:00:00.000Z	News	2.2.19	579.0	0.012690	-0.389465		0.043178			0.003454	-0.022453	0.003454	0.060449	-0.025907	0.006908	0.139033	0.003454		-0.060449		0.052677				0.006908		0.001727	
mp:2017-08-15_01.00.00.News.COM_ENM.PALL	PALL	2017-08-15T01:00:00.000Z	News	2.2.19	13.5	0.000296	0.814815											0.231481					0.037037							
mp:2017-08-15_01.00.00.News.COM_ENM.PLAT	PLAT	2017-08-15T01:00:00.000Z	News	2.2.19	358.8	0.007864	-0.225753	0.016722		0.078038	0.004181		-0.030658	0.047380	0.022297	-0.002787		0.245401	-0.013935	0.002787			0.005017						0.002787	
mp:2017-08-15_01.00.00.News.COM_ENM.RAREE	RAREE	2017-08-15T01:00:00.000Z	News	2.2.19	117.5	0.002575	0.038298	-0.008511			0.008511	0.017021	0.110638	0.008511	0.161702	-0.008511	0.000000	0.173404			-0.008511				0.008511		0.000000			
mp:2017-08-15_01.00.00.News.COM_ENM.SLVR	SLVR	2017-08-15T01:00:00.000Z	News	2.2.19	1457.3	0.031939	-0.052151	0.040829	0.002745	0.029507	0.000858	0.007891	-0.001029	0.011322	0.042888	-0.003088	0.048034	0.188499	-0.017498	0.001372	0.000343	-0.001029	0.020312		-0.001372		-0.007205		0.017155	
mp:2017-08-15_01.00.00.News.COM_ENM.STEE	STEE	2017-08-15T01:00:00.000Z	News	2.2.19	4659.7	0.102123	-0.177908	-0.026075	0.015344	0.001073	0.001985	0.035732	0.015237	0.048286	0.064382	0.006438	0.013949	0.135980	-0.002575	-0.000215	0.024143	0.000644	0.057987	0.000000	0.022963	0.000429	-0.009765	-0.003434		
mp:2017-08-15_01.00.00.News.COM_ENM.URAN	URAN	2017-08-15T01:00:00.000Z	News	2.2.19	175.5	0.003846	-0.145299	-0.011396	0.011396			0.039886	0.045584	0.005698	0.045584	0.017094	0.034188	0.163105	-0.005698		0.005698		0.068376						0.039886	0.005698
mp:2017-08-15_01.00.00.Social.COM_ENM.ALU	ALU	2017-08-15T01:00:00.000Z	Social	2.2.19	654.9	0.045880	0.051153	-0.003054	0.003054	0.007635	0.009734	0.009162	0.053443	0.017560	0.080165	0.012216	0.028249	0.146244	-0.001527		0.003054		0.033440	0.004581	-0.007635		0.003817	-0.004581		
mp:2017-08-15_01.00.00.Social.COM_ENM.BIOF	BIOF	2017-08-15T01:00:00.000Z	Social	2.2.19	166.0	0.011629	0.388554	0.126506			0.018072		0.036145		0.042169	0.006024	0.024096	0.176205	0.048193		0.006024		0.036145		0.018072		-0.027108		0.000000	
mp:2017-08-15_01.00.00.Social.COM_ENM.COA	COA	2017-08-15T01:00:00.000Z	Social	2.2.19	1849.0	0.129533	-0.141428	-0.018929	0.015414	0.005408	-0.003380	0.071390	0.030016	0.024608	0.093835	0.019200	0.003245	0.170903	0.006220	0.002704	0.001622		0.019470	-0.000541	-0.002704	0.022715	-0.011087	0.001082	0.003786	0.000541
mp:2017-08-15_01.00.00.Social.COM_ENM.CPPR	CPPR	2017-08-15T01:00:00.000Z	Social	2.2.19	465.4	0.032604	0.045122	-0.002149	0.004297	0.002149	0.010743	0.010743	0.029007	0.015041	0.055866	0.005372	0.033305	0.156102	0.019338	0.008595	0.027933		0.032015		0.000000		0.042974		0.002149	
mp:2017-08-15_01.00.00.Social.COM_ENM.CRU	CRU	2017-08-15T01:00:00.000Z	Social	2.2.19	2279.6	0.159700	-0.233374	-0.011625	0.007019	0.001755	0.001755	0.007677	0.020618	0.024785	0.079181	0.005922	0.018205	0.153470	0.005483	-0.000439	-0.003290	-0.001974	0.034260	0.001316	0.001097	0.001316	-0.008554	0.000439	0.001755	0.000439
mp:2017-08-15_01.00.00.Social.COM_ENM.BIOETH	BIOETH	2017-08-15T01:00:00.000Z	Social	2.2.19	46.9	0.003286	-0.127932	0.010661				0.042644	0.063966	0.063966	0.085288	0.021322		0.165778			-0.021322		0.029851		-0.042644		-0.021322			
mp:2017-08-15_01.00.00.Social.COM_ENM.MOG	MOG	2017-08-15T01:00:00.000Z	Social	2.2.19	324.4	0.022726	0.006165	0.018496	0.001541		0.005395	0.003083	-0.004624	0.013872	0.047781	0.018496	0.007707	0.142648	0.015413		0.007707		0.036683		0.015413		-0.003083			
mp:2017-08-15_01.00.00.Social.COM_ENM.GOL	GOL	2017-08-15T01:00:00.000Z	Social	2.2.19	3622.0	0.253743	-0.010215	0.019602	0.009801	0.042242	0.006592	0.019050	-0.012286	0.020431	0.058807	-0.023882	0.021535	0.169720	0.001104	-0.000828	0.005936	0.000276	0.028796	-0.000276	0.006626		-0.008697	0.000276	0.006902	0.000828
mp:2017-08-15_01.00.00.Social.COM_ENM.HOIL	HOIL	2017-08-15T01:00:00.000Z	Social	2.2.19	9.0	0.000631	-0.666667						-0.111111			-0.111111		0.194444												
mp:2017-08-15_01.00.00.Social.COM_ENM.IRN	IRN	2017-08-15T01:00:00.000Z	Social	2.2.19	1072.1	0.075107	-0.206604	-0.005596	0.020520	0.005596	-0.000700	0.056431	0.033579	0.023785	0.084414	0.008395	0.013991	0.124965	0.012126		0.001399	0.000933	0.036004	0.001865	-0.000933		0.034512	0.000000	0.000933	
mp:2017-08-15_01.00.00.Social.COM_ENM.LNG	LNG	2017-08-15T01:00:00.000Z	Social	2.2.19	176.5	0.012365	-0.127479	0.022663			0.005666	0.028329	-0.005666	0.050992	0.033994	-0.005666	0.022663	0.111190	0.005666	0.016997	-0.011331		0.011331		0.033994		0.005666		0.005666	
mp:2017-08-15_01.00.00.Social.COM_ENM.NAP	NAP	2017-08-15T01:00:00.000Z	Social	2.2.19	18.0	0.001261	0.222222	0.055556		0.055556	0.166667		-0.055556		0.055556	-0.055556		0.305556												
mp:2017-08-15_01.00.00.Social.COM_ENM.NGS	NGS	2017-08-15T01:00:00.000Z	Social	2.2.19	793.2	0.055568	-0.098336	0.057993	0.003782	0.001261	0.003467	0.016389	0.011346	0.045386	0.051689	0.023954	0.018280	0.112771	0.011346	0.003782	-0.002521		0.026727	0.002521	0.045386	0.001261	-0.082577		0.002521	
mp:2017-08-15_01.00.00.Social.COM_ENM.NKL	NKL	2017-08-15T01:00:00.000Z	Social	2.2.19	228.5	0.016008	-0.056893		0.017505	0.021882	0.001094	0.052516	0.039387	0.030635	0.083151	0.052516	0.013129	0.137309	0.010941	0.008753			0.019694		-0.008753		0.021882		0.006565	
mp:2017-08-15_01.00.00.Social.COM_ENM.NSEA	NSEA	2017-08-15T01:00:00.000Z	Social	2.2.19	80.0	0.005604	-0.237500	0.025000				0.050000	-0.112500			-0.075000	0.025000	0.100000	0.025000		-0.037500		0.050000				-0.075000			
mp:2017-08-15_01.00.00.Social.COM_ENM.PALL	PALL	2017-08-15T01:00:00.000Z	Social	2.2.19	23.5	0.001646	-0.127660						0.085106	0.085106	0.127660	-0.127660		0.196809	-0.042553				0.021277							
mp:2017-08-15_01.00.00.Social.COM_ENM.PLAT	PLAT	2017-08-15T01:00:00.000Z	Social	2.2.19	211.7	0.014831	0.188947	0.030704		0.018895	0.017714	0.009447	-0.007085	0.018895	0.044875	-0.007085	0.018895	0.175130	0.051960				0.015116		0.009447		-0.007085			
mp:2017-08-15_01.00.00.Social.COM_ENM.RAREE	RAREE	2017-08-15T01:00:00.000Z	Social	2.2.19	130.5	0.009142	-0.160920	-0.030651			0.001916	0.015326	0.030651	0.007663	0.160920	0.030651	0.038314	-0.012452					0.007663		-0.091954		0.268199			
mp:2017-08-15_01.00.00.Social.COM_ENM.SLVR	SLVR	2017-08-15T01:00:00.000Z	Social	2.2.19	543.0	0.038040	-0.034070	0.029466	0.007366	0.005525	0.009669	0.045120	0.004604	0.031308	0.037753	0.028545	0.014733	0.150645	0.034991	0.009208	0.009208		0.033702		0.001842		-0.018416	0.003683	0.009208	
mp:2017-08-15_01.00.00.Social.COM_ENM.STEE	STEE	2017-08-15T01:00:00.000Z	Social	2.2.19	1508.1	0.105651	-0.155162	-0.017572	0.002652	0.001326	0.002155	0.015251	0.041111	0.014919	0.075923	0.019229	0.013593	0.134308	0.013925	0.001326	0.011272	0.000000	0.036868	0.003979	-0.006631	0.000663	0.019893	-0.001326		
mp:2017-08-15_01.00.00.Social.COM_ENM.URAN	URAN	2017-08-15T01:00:00.000Z	Social	2.2.19	72.0	0.005044	-0.048611	0.006944			0.003472	0.069444	0.013889	0.104167	0.090278	-0.006944	0.083333	0.159722	0.006944		0.041667		0.055556							