id	assetCode	windowTimestamp	dataType	systemVersion	buzz	relativeBuzz	sentiment	optimism	fear	joy	trust	violence	conflict	gloom	stress	timeUrgency	uncertainty	emotionVsFact	longShort	longShortForecast	priceDirection	priceForecast	volatility	consumptionVolume	productionVolume	regulatoryIssues	supplyVsDemand	supplyVsDemandForecast	newExploration	safetyAccident
mp:2017-08-10_10.00.00.News.COM_ENM.ALU	ALU	2017-08-10T10:00:00.000Z	News	2.2.18	3128.3	0.073761	-0.127385	-0.054822	0.008151	0.000799	0.003996	0.027171	0.072084	0.012147	0.060097	0.003516	0.022217	0.177349	-0.000320		0.017901	0.000320	0.023112		-0.004156	0.008631	-0.026692	-0.001279		
mp:2017-08-10_10.00.00.News.COM_ENM.BIOF	BIOF	2017-08-10T10:00:00.000Z	News	2.2.18	397.2	0.009365	-0.468278	0.005035	0.002518	0.005035	-0.053499		0.000000		0.140987	0.000000	0.017623	0.225201	0.002518				0.028197	0.002518			0.007553			
mp:2017-08-10_10.00.00.News.COM_ENM.COA	COA	2017-08-10T10:00:00.000Z	News	2.2.18	2597.2	0.061238	-0.174226	-0.017519	0.007701	0.003850	-0.001299	0.034653	0.034075	0.020022	0.082204	0.008471	0.026567	0.143934	-0.000578		0.020792	0.004235	0.035115	0.001540	-0.005005	0.003465	-0.008086	-0.000385	0.001540	
mp:2017-08-10_10.00.00.News.COM_ENM.CPPR	CPPR	2017-08-10T10:00:00.000Z	News	2.2.18	1880.0	0.044328	-0.043617	0.023936	0.006383	0.008511	0.001463	0.009043	0.020213	0.010638	0.036170	0.003191	0.008777	0.155665	0.023936	0.001596	0.025000		0.047819		0.013298	0.001064	-0.001596	-0.002128	0.015426	
mp:2017-08-10_10.00.00.News.COM_ENM.CRU	CRU	2017-08-10T10:00:00.000Z	News	2.2.18	11547.7	0.272278	-0.233683	-0.018012	0.003204	0.001386	0.000942	0.011604	-0.009569	0.026759	0.057414	-0.002078	0.008876	0.105211	0.002165	-0.000260	0.005802	0.001299	0.036172	0.005196	0.006798		-0.011821	-0.001602	0.001299	
mp:2017-08-10_10.00.00.News.COM_ENM.BIOETH	BIOETH	2017-08-10T10:00:00.000Z	News	2.2.18	93.7	0.002209	-0.181430		0.010672				0.042689	0.074707	0.042689		0.064034	0.120864	-0.016009				0.012807		0.106724		0.042689			
mp:2017-08-10_10.00.00.News.COM_ENM.MOG	MOG	2017-08-10T10:00:00.000Z	News	2.2.18	2913.3	0.068691	-0.162187	-0.025572	0.019051	0.001716	0.010641	0.016819	0.015446	0.046168	0.049085	0.050801	0.004806	0.099990	0.008238	0.000000	0.009611	-0.008238	0.039405	-0.002746	0.006350		0.001545	0.002060		
mp:2017-08-10_10.00.00.News.COM_ENM.GOL	GOL	2017-08-10T10:00:00.000Z	News	2.2.18	10427.0	0.245853	-0.165628	-0.002973	0.020476	0.003740	0.004975	0.026086	0.009734	0.009399	0.082814	0.014817	0.016400	0.164278	0.002829	0.000671	0.003069	0.000192	0.053640	-0.000096	0.001630		-0.013618	-0.000480	0.016112	0.000192
mp:2017-08-10_10.00.00.News.COM_ENM.HOIL	HOIL	2017-08-10T10:00:00.000Z	News	2.2.18	104.0	0.002452	-0.528846	0.038462						0.105769		0.038462		0.182692			-0.019231			-0.009615			-0.125000			
mp:2017-08-10_10.00.00.News.COM_ENM.IRN	IRN	2017-08-10T10:00:00.000Z	News	2.2.18	510.0	0.012025	-0.058824	-0.062745	0.007843		0.033824	0.003922	0.005882	0.022549	0.022549	-0.029412	0.001961	0.149755	0.003922		0.024510		0.035294	-0.007843	0.001961		0.052941	0.007843	0.007843	
mp:2017-08-10_10.00.00.News.COM_ENM.JET	JET	2017-08-10T10:00:00.000Z	News	2.2.18	30.5	0.000719	-0.311475	-0.065574							0.032787	0.196721		0.184426					0.098361				-0.032787			
mp:2017-08-10_10.00.00.News.COM_ENM.LNG	LNG	2017-08-10T10:00:00.000Z	News	2.2.18	155.9	0.003676	0.003207						0.025657	0.025657	0.096216	-0.012829	0.012829	0.122996	-0.038486		0.006414		0.053881		0.006414		-0.115459		0.006414	
mp:2017-08-10_10.00.00.News.COM_ENM.NAP	NAP	2017-08-10T10:00:00.000Z	News	2.2.18	3.0	0.000071	0.666667									0.333333		0.250000												
mp:2017-08-10_10.00.00.News.COM_ENM.NGS	NGS	2017-08-10T10:00:00.000Z	News	2.2.18	1646.0	0.038810	-0.050122	-0.007898	0.006075	0.000608	0.001063	0.004860	0.001823	0.015492	0.074423	0.007290	0.027035	0.134736	-0.000304	-0.001823	0.016403	-0.001215	0.054678	0.000000	0.019441	0.000608	-0.015188	0.000304	0.010936	
mp:2017-08-10_10.00.00.News.COM_ENM.NKL	NKL	2017-08-10T10:00:00.000Z	News	2.2.18	1819.5	0.042901	-0.215169	-0.046441	0.016488		0.004809	0.011542	0.003298	0.089035	0.060731	-0.018137	0.009893	0.152047	0.007420	-0.000550	-0.000275		0.052432	-0.001099	-0.009893	0.000550	0.028579	0.002748	0.013190	
mp:2017-08-10_10.00.00.News.COM_ENM.NSEA	NSEA	2017-08-10T10:00:00.000Z	News	2.2.18	783.0	0.018462	-0.194764	-0.022989		0.001277		0.002554	-0.061303	0.003193	0.052363	0.015326		0.203065	-0.003831		0.024266				0.031928		0.000000			
mp:2017-08-10_10.00.00.News.COM_ENM.PALL	PALL	2017-08-10T10:00:00.000Z	News	2.2.18	114.0	0.002688	0.035088	0.000000						0.017544	0.008772	0.017544	0.017544	0.232456					0.035088							
mp:2017-08-10_10.00.00.News.COM_ENM.PLAT	PLAT	2017-08-10T10:00:00.000Z	News	2.2.18	379.5	0.008948	0.155468	0.015810	0.002635		-0.002306		0.000000	0.002635	0.028986	0.034256	0.042161	0.162385	0.015810		0.015810		0.021080		-0.067194		-0.002635		0.010540	
mp:2017-08-10_10.00.00.News.COM_ENM.RAREE	RAREE	2017-08-10T10:00:00.000Z	News	2.2.18	43.0	0.001014	-0.023256						-0.046512	0.302326	0.046512	-0.023256	0.116279	0.215116			0.069767									
mp:2017-08-10_10.00.00.News.COM_ENM.SLVR	SLVR	2017-08-10T10:00:00.000Z	News	2.2.18	861.0	0.020301	0.079559	0.026713	0.001161	0.003484	0.009582	0.013937	-0.013357	0.013937	0.038328	0.024971	0.027294	0.117015	-0.001161	0.001161	0.024971	0.006969	0.029617		0.000000		0.019744	0.006969	0.070848	
mp:2017-08-10_10.00.00.News.COM_ENM.STEE	STEE	2017-08-10T10:00:00.000Z	News	2.2.18	2949.2	0.069538	-0.047640	-0.012546	0.006103	0.002034	0.007332	0.011529	0.001526	0.018988	0.065102	-0.006103	0.011189	0.155195	-0.007460	0.000000	0.027635		0.033975	-0.000170	-0.010850	0.008816	-0.008307	-0.008816		
mp:2017-08-10_10.00.00.News.COM_ENM.URAN	URAN	2017-08-10T10:00:00.000Z	News	2.2.18	28.5	0.000672	0.245614	-0.070175				0.210526	-0.105263		0.035088		0.017544	0.135965												
mp:2017-08-10_10.00.00.News_Social.COM_ENM.ALU	ALU	2017-08-10T10:00:00.000Z	News_Social	2.2.18	3611.7	0.063296	-0.093446	-0.043055	0.007337	0.001523	0.003738	0.026303	0.069358	0.012183	0.061882	0.004984	0.022566	0.178780	0.000277		0.016890	0.000554	0.022482		-0.003323	0.008029	-0.024781	-0.000554		
mp:2017-08-10_10.00.00.News_Social.COM_ENM.BIOF	BIOF	2017-08-10T10:00:00.000Z	News_Social	2.2.18	427.2	0.007487	-0.437734	0.011704	0.002341	0.004682	-0.051498		0.002341	0.004682	0.133427	0.002341	0.018727	0.220506	0.002341				0.026217	0.002341	0.009363		0.007022	0.004682		
mp:2017-08-10_10.00.00.News_Social.COM_ENM.COA	COA	2017-08-10T10:00:00.000Z	News_Social	2.2.18	3403.7	0.059651	-0.165408	-0.014837	0.007345	0.002938	-0.001322	0.033199	0.033346	0.023357	0.080941	0.008520	0.024385	0.149102	-0.000147		0.015571	0.003232	0.035197	0.000294	-0.002791	0.003232	-0.011164	-0.000294	0.001763	
mp:2017-08-10_10.00.00.News_Social.COM_ENM.CPPR	CPPR	2017-08-10T10:00:00.000Z	News_Social	2.2.18	2606.5	0.045680	-0.047382	0.026089	0.004988	0.008824	0.001966	0.016114	0.016497	0.011510	0.046806	-0.001535	0.014003	0.157213	0.022636	0.002302	0.021485		0.042164	0.000000	0.006522	0.000767	-0.002686	-0.000384	0.011126	
mp:2017-08-10_10.00.00.News_Social.COM_ENM.CRU	CRU	2017-08-10T10:00:00.000Z	News_Social	2.2.18	12783.4	0.224032	-0.212659	-0.012516	0.003012	0.001799	0.001125	0.012282	-0.007314	0.026362	0.058865	-0.001252	0.009270	0.108228	0.003403	-0.000156	0.005398	0.001408	0.035155	0.004694	0.007158		-0.009465	-0.001291	0.001330	
mp:2017-08-10_10.00.00.News_Social.COM_ENM.BIOETH	BIOETH	2017-08-10T10:00:00.000Z	News_Social	2.2.18	187.2	0.003281	-0.152244	-0.016026	0.010684	0.005342	-0.000668	0.008013	-0.016026	0.048077	0.064103	-0.016026	0.048077	0.148638	-0.002671				0.009081		0.032051		0.005342			
mp:2017-08-10_10.00.00.News_Social.COM_ENM.MOG	MOG	2017-08-10T10:00:00.000Z	News_Social	2.2.18	3795.9	0.066524	-0.177428	-0.019100	0.020680	0.002108	0.008562	0.021866	0.031481	0.058879	0.070207	0.041887	0.008167	0.112463	0.014226	0.000000	0.007376	-0.006323	0.033167	-0.002634	0.005401		-0.000132	0.001317		
mp:2017-08-10_10.00.00.News_Social.COM_ENM.GOL	GOL	2017-08-10T10:00:00.000Z	News_Social	2.2.18	14932.1	0.261689	-0.138259	-0.000536	0.017479	0.014198	0.004294	0.026788	0.012590	0.015068	0.080096	0.004387	0.016809	0.166393	0.004755	0.000603	0.002980	0.000134	0.051882	-0.000167	0.002511	0.000134	-0.010648	-0.003081	0.012858	0.000335
mp:2017-08-10_10.00.00.News_Social.COM_ENM.HOIL	HOIL	2017-08-10T10:00:00.000Z	News_Social	2.2.18	112.0	0.001963	-0.473214	0.053571						0.098214		0.035714		0.169643	0.035714		-0.017857			-0.008929			-0.116071			
mp:2017-08-10_10.00.00.News_Social.COM_ENM.IRN	IRN	2017-08-10T10:00:00.000Z	News_Social	2.2.18	888.0	0.015562	-0.031532	-0.032658	0.007883	0.001689	0.023508	0.006757	0.007320	0.016329	0.033221	0.001126	0.012950	0.156813	0.010135	0.001126	0.020833		0.030968	-0.004505	0.004505		0.029279	0.004505	0.009009	
mp:2017-08-10_10.00.00.News_Social.COM_ENM.JET	JET	2017-08-10T10:00:00.000Z	News_Social	2.2.18	52.5	0.000920	-0.219048	-0.038095				0.019048		0.152381	0.076190	0.114286		0.202381					0.057143				-0.019048			
mp:2017-08-10_10.00.00.News_Social.COM_ENM.LNG	LNG	2017-08-10T10:00:00.000Z	News_Social	2.2.18	587.9	0.010303	-0.072291	0.002551	0.001701		0.002126	0.018711	0.010206	0.045926	0.073992	0.009355	0.017010	0.131698	-0.027216	0.000000	0.008505		0.035550		0.008505		-0.006804	-0.003402	0.005103	
mp:2017-08-10_10.00.00.News_Social.COM_ENM.NAP	NAP	2017-08-10T10:00:00.000Z	News_Social	2.2.18	4.0	0.000070	0.250000									0.250000		0.250000												
mp:2017-08-10_10.00.00.News_Social.COM_ENM.NGS	NGS	2017-08-10T10:00:00.000Z	News_Social	2.2.18	2572.0	0.045075	-0.031882	-0.002333	0.004666	0.001166	0.000826	0.009331	0.006610	0.020023	0.070762	0.009526	0.025855	0.128169	-0.000972	-0.001166	0.012442	-0.001166	0.041796	0.000000	0.020995	0.000389	0.004277	-0.000583	0.008942	
mp:2017-08-10_10.00.00.News_Social.COM_ENM.NKL	NKL	2017-08-10T10:00:00.000Z	News_Social	2.2.18	3095.7	0.054253	-0.068644	-0.013244	0.010983	0.005330	0.004361	0.014213	0.007107	0.070097	0.058953	-0.011791	0.014536	0.151799	0.009206	-0.000323	0.001131	0.001292	0.049811	-0.000969	0.001615	0.000323	0.028588	0.000969	0.009045	
mp:2017-08-10_10.00.00.News_Social.COM_ENM.NSEA	NSEA	2017-08-10T10:00:00.000Z	News_Social	2.2.18	819.0	0.014353	-0.186203	-0.019536		0.001221		0.002442	-0.058608	0.003053	0.053724	0.014652		0.203297	-0.001221		0.023199				0.030525		-0.001221			
mp:2017-08-10_10.00.00.News_Social.COM_ENM.PALL	PALL	2017-08-10T10:00:00.000Z	News_Social	2.2.18	170.5	0.002988	-0.046921	0.000000	0.005865		0.007331	0.017595	0.017595	0.035191	0.029326	-0.014663	0.011730	0.228006	-0.011730				0.029326							
mp:2017-08-10_10.00.00.News_Social.COM_ENM.PLAT	PLAT	2017-08-10T10:00:00.000Z	News_Social	2.2.18	708.2	0.012411	0.097430	0.008472	0.001412	0.008472	-0.000530	0.009884	-0.026829	0.011296	0.050833	0.039537	0.028241	0.175374	0.023299		0.009884		0.031347		-0.041655	0.001412	-0.007060		0.005648	
mp:2017-08-10_10.00.00.News_Social.COM_ENM.RAREE	RAREE	2017-08-10T10:00:00.000Z	News_Social	2.2.18	351.5	0.006160	-0.017070	0.014225	0.000000	0.002845	0.018492	0.014225	0.002845	0.065434	0.081081	0.036984	0.044097	0.165363			0.025605	0.011380	0.044097		0.000000		-0.017070	0.008535		
mp:2017-08-10_10.00.00.News_Social.COM_ENM.SLVR	SLVR	2017-08-10T10:00:00.000Z	News_Social	2.2.18	1512.1	0.026500	0.037696	0.027445	0.002315	0.018517	0.005456	0.017195	-0.002976	0.012565	0.042656	0.012235	0.015872	0.139029	0.009259	0.003307	0.012896	0.005291	0.033133		-0.002315		0.009589	0.005291	0.042325	
mp:2017-08-10_10.00.00.News_Social.COM_ENM.STEE	STEE	2017-08-10T10:00:00.000Z	News_Social	2.2.18	4309.9	0.075532	-0.067287	-0.014734	0.004756	0.002784	0.005366	0.019258	0.011601	0.013921	0.069027	-0.000464	0.009629	0.147097	0.004873	0.000928	0.018562		0.047658	-0.000116	0.003480	0.006033	-0.010325	-0.006033		
mp:2017-08-10_10.00.00.News_Social.COM_ENM.URAN	URAN	2017-08-10T10:00:00.000Z	News_Social	2.2.18	129.5	0.002270	0.050193	-0.054054			-0.003861	0.154440	-0.061776	0.007722	0.034749	0.003861	0.027027	0.062741	0.000000		0.007722	0.015444	0.034749	0.000000			0.000000	-0.015444		
mp:2017-08-10_10.00.00.Social.COM_ENM.ALU	ALU	2017-08-10T10:00:00.000Z	Social	2.2.18	483.4	0.032999	0.126189	0.033099	0.002069	0.006206	0.002069	0.020687	0.051717	0.012412	0.073438	0.014481	0.024824	0.188043	0.004137		0.010343	0.002069	0.018411		0.002069	0.004137	-0.012412	0.004137		
mp:2017-08-10_10.00.00.Social.COM_ENM.BIOF	BIOF	2017-08-10T10:00:00.000Z	Social	2.2.18	30.0	0.002048	-0.033333	0.100000			-0.025000		0.033333	0.066667	0.033333	0.033333	0.033333	0.158333							0.133333		0.000000	0.066667		
mp:2017-08-10_10.00.00.Social.COM_ENM.COA	COA	2017-08-10T10:00:00.000Z	Social	2.2.18	806.5	0.055055	-0.137012	-0.006200	0.006200	0.000000	-0.001395	0.028518	0.030998	0.034098	0.076875	0.008679	0.017359	0.165747	0.001240		-0.001240		0.035462	-0.003720	0.004340	0.002480	-0.021079	0.000000	0.002480	
mp:2017-08-10_10.00.00.Social.COM_ENM.CPPR	CPPR	2017-08-10T10:00:00.000Z	Social	2.2.18	726.5	0.049594	-0.057123	0.031659	0.001376	0.009635	0.003269	0.034412	0.006882	0.013765	0.074329	-0.013765	0.027529	0.161218	0.019270	0.004129	0.012388		0.027529	0.000000	-0.011012		-0.005506	0.004129		
mp:2017-08-10_10.00.00.Social.COM_ENM.CRU	CRU	2017-08-10T10:00:00.000Z	Social	2.2.18	1235.7	0.084354	-0.016185	0.038844	0.001214	0.005665	0.002832	0.018613	0.013757	0.022659	0.072429	0.006474	0.012948	0.136421	0.014971	0.000809	0.001619	0.002428	0.025653	0.000000	0.010520		0.012543	0.001619	0.001619	
mp:2017-08-10_10.00.00.Social.COM_ENM.BIOETH	BIOETH	2017-08-10T10:00:00.000Z	Social	2.2.18	93.5	0.006383	-0.122995	-0.032086	0.010695	0.010695	-0.001337	0.016043	-0.074866	0.021390	0.085561	-0.032086	0.032086	0.176471	0.010695				0.005348		-0.042781		-0.032086			
mp:2017-08-10_10.00.00.Social.COM_ENM.MOG	MOG	2017-08-10T10:00:00.000Z	Social	2.2.18	882.6	0.060250	-0.227736	0.002266	0.026059	0.003399	0.001700	0.038523	0.084410	0.100838	0.139927	0.012463	0.019261	0.153637	0.033990		0.000000		0.012576	-0.002266	0.002266		-0.005665	-0.001133		
mp:2017-08-10_10.00.00.Social.COM_ENM.GOL	GOL	2017-08-10T10:00:00.000Z	Social	2.2.18	4505.1	0.307536	-0.074915	0.005105	0.010544	0.038401	0.002719	0.028412	0.019200	0.028190	0.073805	-0.019755	0.017758	0.171289	0.009212	0.000444	0.002775		0.047812	-0.000333	0.004550	0.000444	-0.003774	-0.009101	0.005327	0.000666
mp:2017-08-10_10.00.00.Social.COM_ENM.HOIL	HOIL	2017-08-10T10:00:00.000Z	Social	2.2.18	8.0	0.000546	0.250000	0.250000										0.000000	0.500000											
mp:2017-08-10_10.00.00.Social.COM_ENM.IRN	IRN	2017-08-10T10:00:00.000Z	Social	2.2.18	378.0	0.025804	0.005291	0.007937	0.007937	0.003968	0.009590	0.010582	0.009259	0.007937	0.047619	0.042328	0.027778	0.166336	0.018519	0.002646	0.015873		0.025132		0.007937		-0.002646		0.010582	
mp:2017-08-10_10.00.00.Social.COM_ENM.JET	JET	2017-08-10T10:00:00.000Z	Social	2.2.18	22.0	0.001502	-0.090909					0.045455		0.363636	0.136364			0.227273												
mp:2017-08-10_10.00.00.Social.COM_ENM.LNG	LNG	2017-08-10T10:00:00.000Z	Social	2.2.18	432.0	0.029490	-0.099537	0.003472	0.002315		0.002894	0.025463	0.004630	0.053241	0.065972	0.017361	0.018519	0.134838	-0.023148	0.000000	0.009259		0.028935		0.009259		0.032407	-0.004630	0.004630	
mp:2017-08-10_10.00.00.Social.COM_ENM.NAP	NAP	2017-08-10T10:00:00.000Z	Social	2.2.18	1.0	0.000068	-1.000000											0.250000												
mp:2017-08-10_10.00.00.Social.COM_ENM.NGS	NGS	2017-08-10T10:00:00.000Z	Social	2.2.18	926.0	0.063213	0.000540	0.007559	0.002160	0.002160	0.000405	0.017279	0.015119	0.028078	0.064255	0.013499	0.023758	0.116496	-0.002160	0.000000	0.005400	-0.001080	0.018898		0.023758		0.038877	-0.002160	0.005400	
mp:2017-08-10_10.00.00.Social.COM_ENM.NKL	NKL	2017-08-10T10:00:00.000Z	Social	2.2.18	1276.2	0.087119	0.140260	0.034086	0.003134	0.012929	0.003722	0.018022	0.012537	0.043097	0.056417	-0.002743	0.021157	0.151446	0.011754		0.003134	0.003134	0.046074	-0.000784	0.018022		0.028601	-0.001567	0.003134	
mp:2017-08-10_10.00.00.Social.COM_ENM.NSEA	NSEA	2017-08-10T10:00:00.000Z	Social	2.2.18	36.0	0.002458	0.000000	0.055556							0.083333			0.208333	0.055556								-0.027778			
mp:2017-08-10_10.00.00.Social.COM_ENM.PALL	PALL	2017-08-10T10:00:00.000Z	Social	2.2.18	56.5	0.003857	-0.212389		0.017699		0.022124	0.053097	0.053097	0.070796	0.070796	-0.079646		0.219027	-0.035398				0.017699							
mp:2017-08-10_10.00.00.Social.COM_ENM.PLAT	PLAT	2017-08-10T10:00:00.000Z	Social	2.2.18	328.7	0.022438	0.030423	0.000000		0.018254	0.001521	0.021296	-0.057803	0.021296	0.076057	0.045634	0.012169	0.190371	0.031944		0.003042		0.043200		-0.012169	0.003042	-0.012169			
mp:2017-08-10_10.00.00.Social.COM_ENM.RAREE	RAREE	2017-08-10T10:00:00.000Z	Social	2.2.18	308.5	0.021059	-0.016207	0.016207	0.000000	0.003241	0.021070	0.016207	0.009724	0.032415	0.085900	0.045381	0.034036	0.158428			0.019449	0.012966	0.050243		0.000000		-0.019449	0.009724		
mp:2017-08-10_10.00.00.Social.COM_ENM.SLVR	SLVR	2017-08-10T10:00:00.000Z	Social	2.2.18	651.1	0.044447	-0.017662	0.028413	0.003840	0.038397	0.000000	0.021502	0.010751	0.010751	0.048380	-0.004608	0.000768	0.168139	0.023038	0.006143	-0.003072	0.003072	0.037782		-0.005376		-0.003840	0.003072	0.004608	
mp:2017-08-10_10.00.00.Social.COM_ENM.STEE	STEE	2017-08-10T10:00:00.000Z	Social	2.2.18	1360.7	0.092887	-0.109870	-0.019475	0.001837	0.004409	0.001102	0.036011	0.033439	0.002940	0.077534	0.011759	0.006247	0.129547	0.031601	0.002940	-0.001102		0.077313		0.034541		-0.014698			
mp:2017-08-10_10.00.00.Social.COM_ENM.URAN	URAN	2017-08-10T10:00:00.000Z	Social	2.2.18	101.0	0.006895	-0.004950	-0.049505			-0.004950	0.138614	-0.049505	0.009901	0.034653	0.004950	0.029703	0.042079	0.000000		0.009901	0.019802	0.044554	0.000000			0.000000	-0.019802		