id	assetCode	windowTimestamp	dataType	systemVersion	buzz	relativeBuzz	sentiment	optimism	fear	joy	trust	violence	conflict	gloom	stress	timeUrgency	uncertainty	emotionVsFact	longShort	longShortForecast	priceDirection	priceForecast	volatility	consumptionVolume	productionVolume	regulatoryIssues	supplyVsDemand	supplyVsDemandForecast	acreageCultivated	agDisease	subsidies	subsidiesSentiment	weatherDamage
mp:2017-08-15_10.00.00.Social.COM_AGR.CTTL	CTTL	2017-08-15T10:00:00.000Z	Social	2.2.19	374.4	0.162057	-0.026709	0.026709	0.008013	0.002671	-0.012019	0.049412	-0.006677	0.013355	0.081464	-0.008013	0.021368	0.129941	0.013355				0.074519		0.037393		-0.013355		0.045406	0.010684			
mp:2017-08-15_10.00.00.Social.COM_AGR.COC	COC	2017-08-15T10:00:00.000Z	Social	2.2.19	57.5	0.024889	0.139130				0.052174		0.034783		0.017391	0.121739		0.163043			0.017391				0.017391		0.130435						
mp:2017-08-15_10.00.00.Social.COM_AGR.COF	COF	2017-08-15T10:00:00.000Z	Social	2.2.19	191.1	0.082717	-0.130822	0.010466	0.005233	0.015699	0.001308	0.068027	0.005233	0.049712	0.115123	-0.005233	0.036630	0.141156	0.026164	0.005233	0.000000		0.013605		-0.010466		0.020931	0.010466		0.005233			0.020931
mp:2017-08-15_10.00.00.Social.COM_AGR.COR	COR	2017-08-15T10:00:00.000Z	Social	2.2.19	531.4	0.230013	-0.001882	-0.006586	0.003764	0.026346	0.004469		-0.049868	0.041400	0.039518	-0.002823	0.020700	0.151675	-0.005645		-0.000941	-0.000941	0.007339		0.026346		0.003764	0.001882	0.026346	-0.000941			0.037636
mp:2017-08-15_10.00.00.Social.COM_AGR.COT	COT	2017-08-15T10:00:00.000Z	Social	2.2.19	241.4	0.104489	-0.082850	0.020713		0.016570		0.008285	-0.004143	0.016570	0.078708	0.004143	0.020713	0.176263	0.000000		0.024855		0.018227		0.000000		0.016570		-0.004143				0.012428
mp:2017-08-15_10.00.00.Social.COM_AGR.HOGS	HOGS	2017-08-15T10:00:00.000Z	Social	2.2.19	26.0	0.011254	-0.115385	0.038462		0.076923		0.076923	0.000000		0.076923			0.125000	-0.038462				0.038462								-0.019231	-0.057692	
mp:2017-08-15_10.00.00.Social.COM_AGR.POIL	POIL	2017-08-15T10:00:00.000Z	Social	2.2.19	3.0	0.001299	-0.333333	0.333333										0.333333															
mp:2017-08-15_10.00.00.Social.COM_AGR.RICE1	RICE1	2017-08-15T10:00:00.000Z	Social	2.2.19	227.5	0.098472	-0.006593	0.039560		0.008791	0.003297	0.026374	0.021978	0.017582	0.079121	0.008791	0.017582	0.132418	-0.004396		0.004396		0.017582		0.004396		-0.030769		0.013187	0.004396			0.105495
mp:2017-08-15_10.00.00.Social.COM_AGR.SOY1	SOY1	2017-08-15T10:00:00.000Z	Social	2.2.19	234.3	0.101415	-0.072557	0.008536		0.004268	0.003201	-0.002134	0.019206	0.019206	0.113103	-0.012804	0.034144	0.027956	0.038412		-0.034144	-0.002134	0.075971		0.038412		-0.040546	0.008536	0.042680				0.029876
mp:2017-08-15_10.00.00.Social.COM_AGR.SUG	SUG	2017-08-15T10:00:00.000Z	Social	2.2.19	221.9	0.096048	-0.119423	-0.051825		-0.002253	0.003380	0.022533	0.042812	0.027039	0.189274	0.004507	0.027039	0.190063	0.013520				0.017575		-0.004507		0.022533	0.018026					0.004507
mp:2017-08-15_10.00.00.Social.COM_AGR.WHT	WHT	2017-08-15T10:00:00.000Z	Social	2.2.19	201.8	0.087348	-0.118930	0.039643	0.004955			0.029732	0.034688	0.014866	0.094153	-0.007433	0.029732	0.149777	0.034688		-0.002478	-0.002478	0.008920		-0.014866		0.004955	0.009911	-0.009911		0.009911		0.004955
mp:2017-08-15_10.00.00.News_Social.COM_AGR.CTTL	CTTL	2017-08-15T10:00:00.000Z	News_Social	2.2.19	1371.9	0.093099	-0.137765	-0.016036	0.004373	0.001458	-0.002369	0.044099	0.012392	0.024054	0.090386	0.008747	0.009476	0.134904	-0.001093		-0.025512	-0.019681	0.032218	-0.000729	0.005831	0.006560	0.013849		0.013485	0.005831			0.000729
mp:2017-08-15_10.00.00.News_Social.COM_AGR.COC	COC	2017-08-15T10:00:00.000Z	News_Social	2.2.19	520.5	0.035322	-0.347743	-0.007685		0.005764	0.005764	0.007685	-0.007685	0.028818	0.088377	0.001921		0.157781			-0.023055		0.005764		-0.003842		0.083573		0.007685				
mp:2017-08-15_10.00.00.News_Social.COM_AGR.COF	COF	2017-08-15T10:00:00.000Z	News_Social	2.2.19	982.1	0.066647	-0.143570	-0.026983	0.017310	0.007128	0.004327	0.017310	-0.019346	0.044293	0.052439	-0.005600	0.020874	0.165182	0.026474	0.001018	-0.006109		0.019957	0.003055	0.013237		0.005091	-0.002036	-0.004073	0.002036			0.009164
mp:2017-08-15_10.00.00.News_Social.COM_AGR.COR	COR	2017-08-15T10:00:00.000Z	News_Social	2.2.19	2024.8	0.137406	-0.031114	0.013829	0.003457	0.007902	0.002716	0.016298	-0.023212	0.015310	0.037041	-0.021977	0.026669	0.111888	-0.002716		0.002222	0.000494	0.017335		0.004939		-0.000741	0.002963	0.005927	-0.000247			0.010371
mp:2017-08-15_10.00.00.News_Social.COM_AGR.COT	COT	2017-08-15T10:00:00.000Z	News_Social	2.2.19	547.4	0.037147	-0.200950	0.014615	0.032883	0.007307	0.000000	0.021922	0.023749	0.045670	0.073073	0.003654	0.012788	0.169529	-0.001827		0.010961		0.015345		0.010961		0.036536		0.000000				0.005480
mp:2017-08-15_10.00.00.News_Social.COM_AGR.HOGS	HOGS	2017-08-15T10:00:00.000Z	News_Social	2.2.19	86.0	0.005836	-0.069767	0.046512		0.023256		0.023256	-0.011628		0.058140	-0.023256		0.011628	-0.058140		0.000000		0.011628	0.046512	0.046512		0.023256	0.069767			-0.005814	-0.017442	
mp:2017-08-15_10.00.00.News_Social.COM_AGR.ORJ	ORJ	2017-08-15T10:00:00.000Z	News_Social	2.2.19	6.0	0.000407	-1.000000											0.250000															
mp:2017-08-15_10.00.00.News_Social.COM_AGR.POIL	POIL	2017-08-15T10:00:00.000Z	News_Social	2.2.19	563.0	0.038206	-0.015986	-0.008881		0.017762	0.010657	0.028419	-0.026643	0.019538	0.042629	-0.012433		0.063943	0.028419	0.014210	0.008881		0.008881		0.008881		-0.124334	-0.028419	0.001776				
mp:2017-08-15_10.00.00.News_Social.COM_AGR.RICE1	RICE1	2017-08-15T10:00:00.000Z	News_Social	2.2.19	1125.9	0.076405	-0.103917	0.003553		0.001776	-0.002665	0.040856	0.017764	0.020428	0.081712	-0.007550	0.021316	0.091283	-0.003553		0.002665		0.009237	0.000888	0.000000		-0.013323		0.011546	0.002665			0.109246
mp:2017-08-15_10.00.00.News_Social.COM_AGR.SOY1	SOY1	2017-08-15T10:00:00.000Z	News_Social	2.2.19	2201.2	0.149377	-0.138106	0.002953	0.004089	0.000454	0.001476	0.015900	-0.002726	0.017263	0.062012	-0.015900	0.015900	0.067986	-0.012720	-0.000909	-0.018399	0.000454	0.032346	-0.000227	0.024305		0.083364	0.015900	0.008632	0.001817			0.003634
mp:2017-08-15_10.00.00.News_Social.COM_AGR.SUG	SUG	2017-08-15T10:00:00.000Z	News_Social	2.2.19	2577.4	0.174906	-0.264220	-0.009506	0.000388	0.000194	-0.000097	0.024831	0.061496	0.038411	0.116590	0.039575	0.005820	0.181113	-0.005820		0.000582		0.003841		0.000776		0.028129	0.006208	0.022309		0.001552		0.013580
mp:2017-08-15_10.00.00.News_Social.COM_AGR.WHT	WHT	2017-08-15T10:00:00.000Z	News_Social	2.2.19	2729.7	0.185241	-0.180789	-0.002198	0.001465		0.001007	0.009525	0.001099	0.040297	0.047258	-0.007327	0.061912	0.105369	0.015386	-0.000366	-0.008792	-0.000366	0.029381		0.002198		0.089753	0.005861	0.002564		0.000733		0.000366
mp:2017-08-15_10.00.00.News.COM_AGR.CTTL	CTTL	2017-08-15T10:00:00.000Z	News	2.2.19	997.5	0.080278	-0.179449	-0.032080	0.003008	0.001003	0.001253	0.042105	0.019549	0.028070	0.093734	0.015038	0.005013	0.136767	-0.006516		-0.035088	-0.027068	0.016341	-0.001003	-0.006015	0.009023	0.024060		0.001504	0.004010			0.001003
mp:2017-08-15_10.00.00.News.COM_AGR.COC	COC	2017-08-15T10:00:00.000Z	News	2.2.19	463.0	0.037262	-0.408207	-0.008639		0.006479		0.008639	-0.012959	0.032397	0.097192	-0.012959		0.157127			-0.028078		0.006479		-0.006479		0.077754		0.008639				
mp:2017-08-15_10.00.00.News.COM_AGR.COF	COF	2017-08-15T10:00:00.000Z	News	2.2.19	791.0	0.063659	-0.146650	-0.036030	0.020228	0.005057	0.005057	0.005057	-0.025284	0.042984	0.037295	-0.005689	0.017067	0.170986	0.026549		-0.007585		0.021492	0.003793	0.018963		0.001264	-0.005057	-0.005057	0.001264			0.006321
mp:2017-08-15_10.00.00.News.COM_AGR.COR	COR	2017-08-15T10:00:00.000Z	News	2.2.19	1493.4	0.120187	-0.041516	0.021093	0.003348	0.001339	0.002093	0.022097	-0.013727	0.006027	0.036159	-0.028793	0.028793	0.097730	-0.001674		0.003348	0.001004	0.020892		-0.002678		-0.002344	0.003348	-0.001339				0.000670
mp:2017-08-15_10.00.00.News.COM_AGR.COT	COT	2017-08-15T10:00:00.000Z	News	2.2.19	306.0	0.024627	-0.294118	0.009804	0.058824		0.000000	0.032680	0.045752	0.068627	0.068627	0.003268	0.006536	0.164216	-0.003268				0.013072		0.019608		0.052288		0.003268				
mp:2017-08-15_10.00.00.News.COM_AGR.HOGS	HOGS	2017-08-15T10:00:00.000Z	News	2.2.19	60.0	0.004829	-0.050000	0.050000					-0.016667		0.050000	-0.033333		-0.037500	-0.066667		0.000000			0.066667	0.066667		0.033333	0.100000					
mp:2017-08-15_10.00.00.News.COM_AGR.ORJ	ORJ	2017-08-15T10:00:00.000Z	News	2.2.19	6.0	0.000483	-1.000000											0.250000															
mp:2017-08-15_10.00.00.News.COM_AGR.POIL	POIL	2017-08-15T10:00:00.000Z	News	2.2.19	560.0	0.045068	-0.014286	-0.010714		0.017857	0.010714	0.028571	-0.026786	0.019643	0.042857	-0.012500		0.062500	0.028571	0.014286	0.008929		0.008929		0.008929		-0.125000	-0.028571	0.001786				
mp:2017-08-15_10.00.00.News.COM_AGR.RICE1	RICE1	2017-08-15T10:00:00.000Z	News	2.2.19	898.4	0.072302	-0.128562	-0.005565			-0.004174	0.044524	0.016696	0.021149	0.082369	-0.011687	0.022262	0.080866	-0.003339		0.002226		0.007124	0.001113	-0.001113		-0.008905		0.011131	0.002226			0.110196
mp:2017-08-15_10.00.00.News.COM_AGR.SOY1	SOY1	2017-08-15T10:00:00.000Z	News	2.2.19	1966.9	0.158294	-0.145915	0.002288	0.004576	0.000000	0.001271	0.018049	-0.005338	0.017032	0.055926	-0.016269	0.013727	0.072754	-0.018811	-0.001017	-0.016523	0.000763	0.027149	-0.000254	0.022624		0.098124	0.016778	0.004576	0.002034			0.000508
mp:2017-08-15_10.00.00.News.COM_AGR.SUG	SUG	2017-08-15T10:00:00.000Z	News	2.2.19	2355.5	0.189568	-0.277860	-0.005519	0.000425	0.000425	-0.000425	0.025048	0.063256	0.039482	0.109743	0.042878	0.003821	0.180270	-0.007642		0.000637		0.002547		0.001274		0.028656	0.005094	0.024411		0.001698		0.014434
mp:2017-08-15_10.00.00.News.COM_AGR.WHT	WHT	2017-08-15T10:00:00.000Z	News	2.2.19	2527.9	0.203443	-0.185727	-0.005538	0.001187		0.001088	0.007912	-0.001582	0.042328	0.043514	-0.007318	0.064480	0.101824	0.013845	-0.000396	-0.009296	-0.000198	0.031014		0.003560		0.096523	0.005538	0.003560				