id	assetCode	windowTimestamp	dataType	systemVersion	buzz	relativeBuzz	sentiment	optimism	fear	joy	trust	violence	conflict	gloom	stress	timeUrgency	uncertainty	emotionVsFact	longShort	longShortForecast	priceDirection	priceForecast	volatility	consumptionVolume	productionVolume	regulatoryIssues	supplyVsDemand	supplyVsDemandForecast	acreageCultivated	agDisease	subsidies	subsidiesSentiment	weatherDamage
mp:2017-08-14_10.00.00.Social.COM_AGR.CTTL	CTTL	2017-08-14T10:00:00.000Z	Social	2.2.19	160.0	0.129262	-0.243750	-0.012500		0.006250		0.075000	-0.037500	0.093750	0.087500	0.025000	0.012500	0.140625	0.012500		0.012500		0.081250		-0.025000		0.012500						
mp:2017-08-14_10.00.00.Social.COM_AGR.COF	COF	2017-08-14T10:00:00.000Z	Social	2.2.19	89.0	0.071902	0.044944	-0.011236			0.002809	0.011236	0.044944	0.011236	0.089888	0.039326		0.137640	-0.039326				0.033708	0.011236	0.022472		-0.033708						0.044944
mp:2017-08-14_10.00.00.Social.COM_AGR.COR	COR	2017-08-14T10:00:00.000Z	Social	2.2.19	266.0	0.214897	-0.204887	-0.015038	0.018797	0.022556	-0.003759	0.018797	-0.015038	0.037594	0.071429	0.001880	0.018797	0.151316	-0.015038		-0.007519		0.037594		-0.018797		-0.015038	-0.007519					0.033835
mp:2017-08-14_10.00.00.Social.COM_AGR.COT	COT	2017-08-14T10:00:00.000Z	Social	2.2.19	146.5	0.118355	-0.215017	-0.034130			-0.003413	0.051195	0.092150	0.034130	0.075085	-0.003413	0.023891	0.140785	-0.006826				0.006826		0.020478		0.013652		0.006826				0.006826
mp:2017-08-14_10.00.00.Social.COM_AGR.HOGS	HOGS	2017-08-14T10:00:00.000Z	Social	2.2.19	35.5	0.028680	-0.309859					0.028169	0.042254	0.197183	0.112676	-0.028169	0.056338	0.137324					0.056338		0.000000		0.028169						
mp:2017-08-14_10.00.00.Social.COM_AGR.ORJ	ORJ	2017-08-14T10:00:00.000Z	Social	2.2.19	11.0	0.008887	-0.363636			-0.090909			-0.363636			-0.090909		0.068182	-0.090909														
mp:2017-08-14_10.00.00.Social.COM_AGR.RICE1	RICE1	2017-08-14T10:00:00.000Z	Social	2.2.19	157.5	0.127242	-0.142857	-0.044444		0.006349		0.031746	0.069841		0.076190	-0.012698	0.019048	0.150000	0.019048						0.082540		-0.031746						0.006349
mp:2017-08-14_10.00.00.Social.COM_AGR.SOY1	SOY1	2017-08-14T10:00:00.000Z	Social	2.2.19	80.8	0.065277	-0.173267	0.000000					0.012376	0.024752	0.024752	-0.012376	0.012376	0.053218	0.024752				0.096535		0.086634		0.000000		0.012376				
mp:2017-08-14_10.00.00.Social.COM_AGR.SUG	SUG	2017-08-14T10:00:00.000Z	Social	2.2.19	145.0	0.117143	-0.141379	0.027586			0.003448	0.006897	0.062069	0.006897	0.093103	0.013793		0.198276	0.006897				0.027586	0.013793	0.006897		0.000000		-0.013793				
mp:2017-08-14_10.00.00.Social.COM_AGR.WHT	WHT	2017-08-14T10:00:00.000Z	Social	2.2.19	146.5	0.118355	-0.153584	-0.054608	0.006826			0.027304	-0.034130	0.027304	0.098976	-0.075085	0.034130	0.094710	-0.027304	-0.013652			0.037543		0.013652		-0.013652	-0.013652	0.040956				0.013652
mp:2017-08-14_10.00.00.News_Social.COM_AGR.CTTL	CTTL	2017-08-14T10:00:00.000Z	News_Social	2.2.19	699.1	0.125251	-0.205264	-0.007152	0.005722	0.027178	0.002146	0.074381	0.010013	0.044343	0.068660	0.038621	0.024317	0.149514	0.007152	-0.002861	0.004291		0.029180		-0.002861	-0.000715	-0.010013		0.010728	0.008582			
mp:2017-08-14_10.00.00.News_Social.COM_AGR.COC	COC	2017-08-14T10:00:00.000Z	News_Social	2.2.19	12.0	0.002150	-0.333333					0.333333			0.166667			-0.000000															
mp:2017-08-14_10.00.00.News_Social.COM_AGR.COF	COF	2017-08-14T10:00:00.000Z	News_Social	2.2.19	261.0	0.046761	0.356322	-0.003831			0.009579	0.003831	0.015326	0.005747	0.051724	0.009579	0.003831	0.164751	-0.021073		0.003831		0.022989	0.003831	0.057471		-0.013410		0.001916				0.015326
mp:2017-08-14_10.00.00.News_Social.COM_AGR.COR	COR	2017-08-14T10:00:00.000Z	News_Social	2.2.19	693.0	0.124158	-0.263348	-0.026696	0.007215	0.011544	0.001443	0.007215	-0.002886	0.051227	0.051948	0.062771	0.007215	0.146284	-0.016595		0.002886		0.026696		-0.004329		0.013709	-0.002886	0.008658				0.012987
mp:2017-08-14_10.00.00.News_Social.COM_AGR.COT	COT	2017-08-14T10:00:00.000Z	News_Social	2.2.19	520.5	0.093253	-0.177714	-0.007685	0.007685	0.001921	0.002402	0.039385	0.033622	0.075889	0.073007	0.087416	0.012488	0.159942	-0.009606				0.023055		0.021134		0.028818		0.013449				0.001921
mp:2017-08-14_10.00.00.News_Social.COM_AGR.HOGS	HOGS	2017-08-14T10:00:00.000Z	News_Social	2.2.19	149.5	0.026784	0.083612	0.040134	0.006689	0.040134	0.010033	0.013378	0.016722	0.046823	0.046823	-0.003344	0.013378	0.174749			-0.040134		0.020067		-0.040134		0.006689						
mp:2017-08-14_10.00.00.News_Social.COM_AGR.ORJ	ORJ	2017-08-14T10:00:00.000Z	News_Social	2.2.19	11.0	0.001971	-0.363636			-0.090909			-0.363636			-0.090909		0.068182	-0.090909														
mp:2017-08-14_10.00.00.News_Social.COM_AGR.POIL	POIL	2017-08-14T10:00:00.000Z	News_Social	2.2.19	210.5	0.037713	-0.068884	-0.033254	0.014252			0.009501	0.007126	0.061758	0.057007	0.004751		0.074228	0.030879		0.014252		0.004751		0.004751		-0.052257	0.004751	0.004751				0.004751
mp:2017-08-14_10.00.00.News_Social.COM_AGR.RICE1	RICE1	2017-08-14T10:00:00.000Z	News_Social	2.2.19	792.7	0.142020	-0.129305	0.005046	0.001262	0.008831	0.000315	0.020184	0.047937	0.027122	0.070645	-0.017661	0.015138	0.122777	0.006308		-0.003154		0.019175	0.008831	0.029015		-0.069383		0.003785				0.046676
mp:2017-08-14_10.00.00.News_Social.COM_AGR.SOY1	SOY1	2017-08-14T10:00:00.000Z	News_Social	2.2.19	824.7	0.147753	-0.122469	-0.011519	0.015763	-0.001819	-0.003335	0.009700	-0.023039	0.040015	0.053353	0.028495	0.021826	0.079817	-0.018795	-0.004850	-0.009700	0.001213	0.026313	0.002425	0.026676		0.065478	0.050928	0.010913				
mp:2017-08-14_10.00.00.News_Social.COM_AGR.SUG	SUG	2017-08-14T10:00:00.000Z	News_Social	2.2.19	413.0	0.073993	-0.131961	-0.133172	0.004843	0.004843	0.001211	0.002421	0.009685	0.002421	0.076271	0.016949	0.014528	0.206416	-0.007264				0.016949	0.004843	0.009685		-0.019370		-0.014528		0.002421		
mp:2017-08-14_10.00.00.News_Social.COM_AGR.WHT	WHT	2017-08-14T10:00:00.000Z	News_Social	2.2.19	994.6	0.178193	-0.218681	0.002011	0.005027		0.002011	0.005027	0.002011	0.029660	0.084456	0.018098	0.024633	0.129348	-0.003519	-0.002011	-0.005027		0.032576	0.004022	0.011060		0.020109	-0.002011	0.021114				0.006033
mp:2017-08-14_10.00.00.News.COM_AGR.CTTL	CTTL	2017-08-14T10:00:00.000Z	News	2.2.19	539.1	0.124108	-0.193842	-0.005565	0.007420	0.033389	0.002782	0.074198	0.024114	0.029679	0.063068	0.042664	0.027824	0.152152	0.005565	-0.003710	0.001855		0.013727		0.003710	-0.000927	-0.016694		0.013912	0.011130			
mp:2017-08-14_10.00.00.News.COM_AGR.COC	COC	2017-08-14T10:00:00.000Z	News	2.2.19	12.0	0.002763	-0.333333					0.333333			0.166667			-0.000000															
mp:2017-08-14_10.00.00.News.COM_AGR.COF	COF	2017-08-14T10:00:00.000Z	News	2.2.19	172.0	0.039597	0.517442				0.013081		0.000000	0.002907	0.031977	-0.005814	0.005814	0.178779	-0.011628		0.005814		0.017442		0.075581		-0.002907		0.002907				
mp:2017-08-14_10.00.00.News.COM_AGR.COR	COR	2017-08-14T10:00:00.000Z	News	2.2.19	427.0	0.098301	-0.299766	-0.033958		0.004684	0.004684		0.004684	0.059719	0.039813	0.100703		0.143150	-0.017564		0.009368		0.019906		0.004684		0.031616		0.014052				
mp:2017-08-14_10.00.00.News.COM_AGR.COT	COT	2017-08-14T10:00:00.000Z	News	2.2.19	374.0	0.086100	-0.163102	0.002674	0.010695	0.002674	0.004679	0.034759	0.010695	0.092246	0.072193	0.122995	0.008021	0.167447	-0.010695				0.029412		0.021390		0.034759		0.016043				
mp:2017-08-14_10.00.00.News.COM_AGR.HOGS	HOGS	2017-08-14T10:00:00.000Z	News	2.2.19	114.0	0.026244	0.206140	0.052632	0.008772	0.052632	0.013158	0.008772	0.008772		0.026316	0.004386		0.186404			-0.052632		0.008772		-0.052632								
mp:2017-08-14_10.00.00.News.COM_AGR.POIL	POIL	2017-08-14T10:00:00.000Z	News	2.2.19	210.5	0.048460	-0.068884	-0.033254	0.014252			0.009501	0.007126	0.061758	0.057007	0.004751		0.074228	0.030879		0.014252		0.004751		0.004751		-0.052257	0.004751	0.004751				0.004751
mp:2017-08-14_10.00.00.News.COM_AGR.RICE1	RICE1	2017-08-14T10:00:00.000Z	News	2.2.19	635.2	0.146231	-0.125945	0.017317	0.001574	0.009446	0.000394	0.017317	0.042506	0.033848	0.069270	-0.018892	0.014169	0.116026	0.003149		-0.003936		0.023929	0.011020	0.015743		-0.078715		0.004723				0.056675
mp:2017-08-14_10.00.00.News.COM_AGR.SOY1	SOY1	2017-08-14T10:00:00.000Z	News	2.2.19	743.9	0.171256	-0.116951	-0.012771	0.017475	-0.002016	-0.003697	0.010754	-0.026885	0.041672	0.056459	0.032935	0.022853	0.082706	-0.023525	-0.005377	-0.010754	0.001344	0.018685	0.002689	0.020164		0.072590	0.056459	0.010754				
mp:2017-08-14_10.00.00.News.COM_AGR.SUG	SUG	2017-08-14T10:00:00.000Z	News	2.2.19	268.0	0.061697	-0.126866	-0.220149	0.007463	0.007463			-0.018657		0.067164	0.018657	0.022388	0.210821	-0.014925				0.011194		0.011194		-0.029851		-0.014925		0.003731		
mp:2017-08-14_10.00.00.News.COM_AGR.WHT	WHT	2017-08-14T10:00:00.000Z	News	2.2.19	848.1	0.195244	-0.229926	0.011791	0.004716		0.002358	0.001179	0.008254	0.030067	0.081948	0.034194	0.022993	0.135332	0.000590		-0.005896		0.031718	0.004716	0.010612		0.025940		0.017687				0.004716