id	assetCode	windowTimestamp	dataType	systemVersion	buzz	relativeBuzz	sentiment	optimism	fear	joy	trust	violence	conflict	gloom	stress	timeUrgency	uncertainty	emotionVsFact	longShort	longShortForecast	priceDirection	priceForecast	volatility	consumptionVolume	productionVolume	regulatoryIssues	supplyVsDemand	supplyVsDemandForecast	acreageCultivated	agDisease	subsidies	subsidiesSentiment	weatherDamage
mp:2017-08-12_07.00.00.News.COM_AGR.CTTL	CTTL	2017-08-12T07:00:00.000Z	News	2.2.18	1076.4	0.111078	-0.207172	-0.002323	0.013006	0.003716	0.001394	0.091973	0.033445	0.021368	0.057599	0.015793	0.013935	0.127532	-0.000929		0.004645		0.039855		-0.000465		-0.006968	0.001858	0.000929	0.001858			0.004181
mp:2017-08-12_07.00.00.News.COM_AGR.COC	COC	2017-08-12T07:00:00.000Z	News	2.2.18	126.0	0.013002	-0.611111				0.001984		0.079365		0.047619			0.154762	-0.063492														
mp:2017-08-12_07.00.00.News.COM_AGR.COF	COF	2017-08-12T07:00:00.000Z	News	2.2.18	409.5	0.042258	-0.080586	0.031746	0.003663	0.007326	0.003663	0.012210	-0.014652	0.029304	0.052503	0.019536		0.155372	-0.013431		0.009768		0.065934				-0.009768						
mp:2017-08-12_07.00.00.News.COM_AGR.COR	COR	2017-08-12T07:00:00.000Z	News	2.2.18	1798.0	0.185543	-0.026418	0.001390	0.002225	0.014461	0.006257	0.004449	-0.027253	0.042269	0.015851	-0.006952	0.025306	0.044633	0.015017		0.004727		0.048665		0.031702		0.144327	0.035039	-0.002225				0.000834
mp:2017-08-12_07.00.00.News.COM_AGR.COT	COT	2017-08-12T07:00:00.000Z	News	2.2.18	581.2	0.059976	-0.191844	-0.007743	0.022368		0.000215	0.030970	0.012044	0.075705	0.112698	0.029250	0.012044	0.097987	0.003441		-0.013765		0.015829		-0.010323		-0.005162	0.003441	0.024088	0.005162			0.005162
mp:2017-08-12_07.00.00.News.COM_AGR.HOGS	HOGS	2017-08-12T07:00:00.000Z	News	2.2.18	92.0	0.009494	0.032609	0.086957	0.021739			0.032609	-0.086957		0.021739	-0.043478		0.114130	0.043478		0.086957												
mp:2017-08-12_07.00.00.News.COM_AGR.POIL	POIL	2017-08-12T07:00:00.000Z	News	2.2.18	404.5	0.041742	0.091471	0.029666	0.004944			0.004944	0.014833	0.044499	0.046972	-0.009889		0.117738	-0.022250		-0.044499	-0.004944	0.009889	0.004944	0.032138		0.028430	0.014833	-0.002472				
mp:2017-08-12_07.00.00.News.COM_AGR.RICE1	RICE1	2017-08-12T07:00:00.000Z	News	2.2.18	617.0	0.063671	-0.076985	0.030794		0.005673	0.002026	0.009724	-0.003241	0.029173	0.074554	0.027553	0.021070	0.125405	-0.004862		0.001621		0.045381	-0.001621	0.004052		-0.004862	-0.001621	0.012966				0.085900
mp:2017-08-12_07.00.00.News.COM_AGR.SOY1	SOY1	2017-08-12T07:00:00.000Z	News	2.2.18	1280.0	0.132088	-0.153906	-0.001563	0.003125		0.000781	0.007813	-0.045312	0.039063	0.038281	-0.010937	0.020313	0.052734	0.014844		-0.005469		0.063281		0.037500		0.112500	0.050000	-0.006250				
mp:2017-08-12_07.00.00.News.COM_AGR.SUG	SUG	2017-08-12T07:00:00.000Z	News	2.2.18	858.4	0.088582	-0.126980	0.012815	0.003495	0.003495	-0.006407	0.002330	-0.016309	0.043103	0.059995	-0.002330	0.013979	0.158900	-0.038444		-0.012815		0.036580		0.006990		0.018057	0.003495	0.000000				0.002330
mp:2017-08-12_07.00.00.News.COM_AGR.WHT	WHT	2017-08-12T07:00:00.000Z	News	2.2.18	2447.5	0.252567	-0.247600	0.019612	0.006129	0.000817	0.002860	0.003677	0.002043	0.017978	0.075587	-0.034321	0.058223	0.124055	0.013892	0.001226	0.000000		0.031461		0.005312		0.037794	0.006946	0.000613				0.003269
mp:2017-08-12_07.00.00.News_Social.COM_AGR.CTTL	CTTL	2017-08-12T07:00:00.000Z	News_Social	2.2.18	1439.6	0.127527	-0.181995	-0.002084	0.009725	0.009030	-0.000260	0.095860	0.032648	0.024312	0.051403	0.014240	0.014240	0.130227	-0.002779	0.000695	0.002084		0.039664	0.000695	0.001737		-0.006599	0.001389	0.000695	0.001389			0.003821
mp:2017-08-12_07.00.00.News_Social.COM_AGR.COC	COC	2017-08-12T07:00:00.000Z	News_Social	2.2.18	130.0	0.011516	-0.576923				0.001923	-0.003846	0.065385		0.046154			0.155769	-0.061538														
mp:2017-08-12_07.00.00.News_Social.COM_AGR.COF	COF	2017-08-12T07:00:00.000Z	News_Social	2.2.18	548.5	0.048589	-0.046490	0.027347	0.002735	0.005469	0.002735	0.012762	-0.014585	0.025524	0.040109	0.018232	0.003646	0.145624	-0.013674	0.001823	0.009116		0.071103				-0.003646	0.003646					0.012762
mp:2017-08-12_07.00.00.News_Social.COM_AGR.COR	COR	2017-08-12T07:00:00.000Z	News_Social	2.2.18	1993.0	0.176550	-0.024084	-0.001756	0.003011	0.017561	0.005519	0.007025	-0.024837	0.042649	0.018314	-0.004265	0.023332	0.055068	0.014551		0.004265		0.048921		0.029604		0.132715	0.031611	-0.001505				0.002258
mp:2017-08-12_07.00.00.News_Social.COM_AGR.COT	COT	2017-08-12T07:00:00.000Z	News_Social	2.2.18	695.2	0.061584	-0.183400	-0.006473	0.018700		0.002337	0.040276	0.013665	0.067606	0.100690	0.023015	0.015823	0.094146	0.007192		-0.011507		0.018987		-0.008631		-0.005754	0.002877	0.020138	0.007192			0.008631
mp:2017-08-12_07.00.00.News_Social.COM_AGR.HOGS	HOGS	2017-08-12T07:00:00.000Z	News_Social	2.2.18	142.7	0.012641	0.014015	0.063069	0.014015		0.001752	0.059566	-0.056062		0.049054	-0.049054	0.014015	0.121409	0.070077		0.056062		0.001402										
mp:2017-08-12_07.00.00.News_Social.COM_AGR.POIL	POIL	2017-08-12T07:00:00.000Z	News_Social	2.2.18	462.5	0.040971	0.090811	0.028108	0.004324		0.003243	0.004324	0.010811	0.043243	0.049730	0.000000		0.117027	-0.017297		-0.038919	-0.004324	0.012973	0.004324	0.030270		0.027027	0.012973	-0.002162				
mp:2017-08-12_07.00.00.News_Social.COM_AGR.RICE1	RICE1	2017-08-12T07:00:00.000Z	News_Social	2.2.18	714.5	0.063294	-0.077677	0.032890		0.004899	0.001749	0.008397	0.007698	0.025192	0.074178	0.024493	0.018195	0.120714	0.008397		0.001400		0.043387	-0.001400	0.002099		-0.006998	-0.001400	0.011197		0.005598	0.001400	0.074178
mp:2017-08-12_07.00.00.News_Social.COM_AGR.SOY1	SOY1	2017-08-12T07:00:00.000Z	News_Social	2.2.18	1441.5	0.127695	-0.130420	0.009712	0.002775		0.000694	0.006937	-0.037808	0.036074	0.040236	-0.009712	0.020812	0.061481	0.015262		-0.008325		0.056191	0.001387	0.036767		0.099202	0.044398	-0.005550				
mp:2017-08-12_07.00.00.News_Social.COM_AGR.SUG	SUG	2017-08-12T07:00:00.000Z	News_Social	2.2.18	1161.4	0.102883	-0.105907	0.022387	0.004305	0.002583	-0.005166	0.002583	0.002583	0.042190	0.071035	0.010332	0.014638	0.163510	-0.019804	0.000861	-0.012485		0.035647		0.008610		0.010763	0.002583	0.000861	0.001722			0.002153
mp:2017-08-12_07.00.00.News_Social.COM_AGR.WHT	WHT	2017-08-12T07:00:00.000Z	News_Social	2.2.18	2559.7	0.226751	-0.250615	0.018362	0.006641	0.000781	0.002930	0.005079	0.003125	0.017190	0.075009	-0.032621	0.056061	0.123872	0.014064	0.001172	0.000000		0.032113		0.006641		0.035356	0.006641	0.000977		0.000391		0.003125
mp:2017-08-12_07.00.00.Social.COM_AGR.CTTL	CTTL	2017-08-12T07:00:00.000Z	Social	2.2.18	363.2	0.227270	-0.107379	-0.001377		0.024780	-0.005162	0.107379	0.030286	0.033040	0.033040	0.009637	0.015143	0.138216	-0.008260	0.002753	-0.005507		0.039097	0.002753	0.008260		-0.005507		0.000000				0.002753
mp:2017-08-12_07.00.00.Social.COM_AGR.COC	COC	2017-08-12T07:00:00.000Z	Social	2.2.18	4.0	0.002503	0.500000					-0.125000	-0.375000					0.187500															
mp:2017-08-12_07.00.00.Social.COM_AGR.COF	COF	2017-08-12T07:00:00.000Z	Social	2.2.18	139.0	0.086978	0.053957	0.014388				0.014388	-0.014388	0.014388	0.003597	0.014388	0.014388	0.116906	-0.014388	0.007194	0.007194		0.086331				0.014388	0.014388					0.050360
mp:2017-08-12_07.00.00.Social.COM_AGR.COR	COR	2017-08-12T07:00:00.000Z	Social	2.2.18	195.0	0.122020	-0.002564	-0.030769	0.010256	0.046154	-0.001282	0.030769	-0.002564	0.046154	0.041026	0.020513	0.005128	0.151282	0.010256				0.051282		0.010256		0.025641		0.005128				0.015385
mp:2017-08-12_07.00.00.Social.COM_AGR.COT	COT	2017-08-12T07:00:00.000Z	Social	2.2.18	114.0	0.071335	-0.140351				0.013158	0.087719	0.021930	0.026316	0.039474	-0.008772	0.035088	0.074561	0.026316				0.035088				-0.008772			0.017544			0.026316
mp:2017-08-12_07.00.00.Social.COM_AGR.HOGS	HOGS	2017-08-12T07:00:00.000Z	Social	2.2.18	50.7	0.031725	-0.019724	0.019724			0.004931	0.108481	0.000000		0.098619	-0.059172	0.039448	0.134615	0.118343				0.003945										
mp:2017-08-12_07.00.00.Social.COM_AGR.POIL	POIL	2017-08-12T07:00:00.000Z	Social	2.2.18	58.0	0.036293	0.086207	0.017241			0.025862		-0.017241	0.034483	0.068966	0.068966		0.112069	0.017241				0.034483		0.017241		0.017241						
mp:2017-08-12_07.00.00.Social.COM_AGR.RICE1	RICE1	2017-08-12T07:00:00.000Z	Social	2.2.18	97.5	0.061010	-0.082051	0.046154					0.076923		0.071795	0.005128		0.091026	0.092308				0.030769		-0.010256		-0.020513				0.041026	0.010256	
mp:2017-08-12_07.00.00.Social.COM_AGR.SOY1	SOY1	2017-08-12T07:00:00.000Z	Social	2.2.18	161.5	0.101058	0.055728	0.099071					0.021672	0.012384	0.055728	0.000000	0.024768	0.130805	0.018576		-0.030960			0.012384	0.030960		-0.006192		0.000000				
mp:2017-08-12_07.00.00.Social.COM_AGR.SUG	SUG	2017-08-12T07:00:00.000Z	Social	2.2.18	303.0	0.189600	-0.046205	0.049505	0.006601		-0.001650	0.003300	0.056106	0.039604	0.102310	0.046205	0.016502	0.176568	0.033003	0.003300	-0.011551		0.033003		0.013201		-0.009901		0.003300	0.006601			0.001650
mp:2017-08-12_07.00.00.Social.COM_AGR.WHT	WHT	2017-08-12T07:00:00.000Z	Social	2.2.18	112.2	0.070208	-0.316399	-0.008913	0.017825		0.004456	0.035651	0.026738		0.062389	0.004456	0.008913	0.119875	0.017825				0.046346		0.035651		-0.017825		0.008913		0.008913		