id	assetCode	windowTimestamp	dataType	systemVersion	buzz	relativeBuzz	sentiment	optimism	fear	joy	trust	violence	conflict	gloom	stress	timeUrgency	uncertainty	emotionVsFact	longShort	longShortForecast	priceDirection	priceForecast	volatility	consumptionVolume	productionVolume	regulatoryIssues	supplyVsDemand	supplyVsDemandForecast	acreageCultivated	agDisease	subsidies	subsidiesSentiment	weatherDamage
mp:2017-08-10_21.00.00.Social.COM_AGR.CTTL	CTTL	2017-08-10T21:00:00.000Z	Social	2.2.18	203.9	0.068950	-0.039235	-0.049044	0.014713	0.004904	-0.003678	0.058852	0.007357	0.014713	0.029426	0.017165	0.026974	0.099191	0.002452				0.185875		0.000000		0.000000		0.009809				
mp:2017-08-10_21.00.00.Social.COM_AGR.COC	COC	2017-08-10T21:00:00.000Z	Social	2.2.18	106.5	0.036014	0.276995	-0.023474	0.028169	0.037559		0.037559	0.056338	0.056338	0.018779	0.037559		0.160798	-0.032864				0.037559						0.009390				
mp:2017-08-10_21.00.00.Social.COM_AGR.COF	COF	2017-08-10T21:00:00.000Z	Social	2.2.18	602.0	0.203571	-0.014950	0.011628		0.006645	0.009967	0.009967	0.042359	0.003322	0.036545	0.014950	0.013289	0.039909	0.046512	0.031561	0.001661	0.001661	0.001495	0.003322	-0.008306		0.187708	-0.001661					0.021595
mp:2017-08-10_21.00.00.Social.COM_AGR.COR	COR	2017-08-10T21:00:00.000Z	Social	2.2.18	450.5	0.152340	-0.144284	-0.073252	0.011099	0.006659	0.005549	0.006659	0.006659	0.033296	0.026637	0.025527	0.019978	0.050777	0.006659	-0.002220	0.002220		0.044395		0.004440		0.026637	-0.004440	0.006659	0.031077			0.035516
mp:2017-08-10_21.00.00.Social.COM_AGR.COT	COT	2017-08-10T21:00:00.000Z	Social	2.2.18	417.0	0.141012	-0.117506	-0.007194	0.002398	0.011990	0.004197	0.014388	0.023981	0.031175	0.059952	0.002398	0.038369	0.155875	0.005995	0.003597	0.004796		0.043165	0.009592	0.000000		-0.019185	-0.009592	-0.010791	0.009592			0.002398
mp:2017-08-10_21.00.00.Social.COM_AGR.HOGS	HOGS	2017-08-10T21:00:00.000Z	Social	2.2.18	45.0	0.015217	-0.155556	-0.111111				0.133333	-0.044444		0.066667	-0.022222		0.150000	0.044444						0.000000								
mp:2017-08-10_21.00.00.Social.COM_AGR.POIL	POIL	2017-08-10T21:00:00.000Z	Social	2.2.18	48.0	0.016232	-0.270833					0.104167	0.062500		0.104167	0.000000		0.156250	0.020833				0.041667				0.020833						
mp:2017-08-10_21.00.00.Social.COM_AGR.RICE1	RICE1	2017-08-10T21:00:00.000Z	Social	2.2.18	461.5	0.156060	-0.174431	0.010834		0.013001	0.000542	0.036836	0.037920	0.056338	0.058505	0.026002	0.004334	0.108072	0.002167		-0.002167		0.055255	-0.013001	0.004334		-0.010834		0.021668	0.054171	0.010834	0.002167	0.019502
mp:2017-08-10_21.00.00.Social.COM_AGR.SOY1	SOY1	2017-08-10T21:00:00.000Z	Social	2.2.18	98.8	0.033410	-0.222672	-0.151822	0.020243		0.005061		0.040486	0.060729	0.091093	-0.030364	0.010121	0.144737					0.008097		-0.020243		-0.040486		0.020243				0.040486
mp:2017-08-10_21.00.00.Social.COM_AGR.SUG	SUG	2017-08-10T21:00:00.000Z	Social	2.2.18	274.0	0.092655	-0.074818	0.010949	0.007299	0.038321	-0.003650	0.009124	0.027372	0.040146	0.089416	0.012774	0.036496	0.163321	0.000000				0.083942		0.003650		-0.003650		0.007299				0.007299
mp:2017-08-10_21.00.00.Social.COM_AGR.WHT	WHT	2017-08-10T21:00:00.000Z	Social	2.2.18	250.0	0.084539	-0.382000	-0.004000	0.004000		0.004000	0.022000	0.026000	0.036000	0.098000	0.024000	0.004000	0.121000	-0.016000				0.036000	-0.004000	-0.012000		0.012000	-0.008000	-0.012000	0.044000			
mp:2017-08-10_21.00.00.News.COM_AGR.CTTL	CTTL	2017-08-10T21:00:00.000Z	News	2.2.18	845.0	0.069238	-0.170414	-0.054438	0.004734	0.010059	-0.007101	0.071006	-0.004734	0.029586	0.065680	0.015976	0.005917	0.152663	0.003550	0.001183	0.003550		0.018343		0.010651	0.001183	-0.007101		0.013018	0.004734			
mp:2017-08-10_21.00.00.News.COM_AGR.COC	COC	2017-08-10T21:00:00.000Z	News	2.2.18	395.5	0.032407	-0.370417	0.005057				-0.001264	-0.015171	0.031606	0.040455	-0.020228	0.007585	0.114096	0.000000	0.005057	-0.010114	-0.005057	0.027813	-0.005057	-0.002528		0.030341	0.025284	0.002528				0.007585
mp:2017-08-10_21.00.00.News.COM_AGR.COF	COF	2017-08-10T21:00:00.000Z	News	2.2.18	533.0	0.043673	-0.136023	0.005629	0.005629	0.009381	-0.003049	0.030019	-0.022514	0.015009	0.050657	-0.003752	0.007505	0.174015	-0.011257		-0.001876		0.022514	0.001876	0.009381		-0.011257		0.001876				0.001876
mp:2017-08-10_21.00.00.News.COM_AGR.COR	COR	2017-08-10T21:00:00.000Z	News	2.2.18	2223.3	0.182175	-0.180363	-0.035758	0.012594		0.000731	0.011694	-0.014843	0.034858	0.064544	0.018216	0.018441	0.117438	-0.008096	0.000450	0.010795		0.035353	0.001349	0.003373	0.000450	0.012819	0.014843	0.004948	0.011469			0.013493
mp:2017-08-10_21.00.00.News.COM_AGR.COT	COT	2017-08-10T21:00:00.000Z	News	2.2.18	1038.8	0.085118	0.001444	-0.015402	0.004813	0.001925	-0.010108	0.025992	0.004813	0.050539	0.054871	0.016365	0.006739	0.090008	0.000481		-0.003851		0.032538	0.001925	0.032730		0.043319	0.006739	0.017328	0.004332			
mp:2017-08-10_21.00.00.News.COM_AGR.HOGS	HOGS	2017-08-10T21:00:00.000Z	News	2.2.18	47.0	0.003851	-0.531915				0.005319	0.148936	0.042553		0.042553			0.111702			0.042553												
mp:2017-08-10_21.00.00.News.COM_AGR.ORJ	ORJ	2017-08-10T21:00:00.000Z	News	2.2.18	42.0	0.003441	-0.166667					0.023810	0.047619	0.119048	0.095238			-0.053571					0.214286		0.214286		0.047619	0.047619					0.071429
mp:2017-08-10_21.00.00.News.COM_AGR.POIL	POIL	2017-08-10T21:00:00.000Z	News	2.2.18	931.2	0.076302	-0.107388	-0.034364	0.017182	0.004296	0.004296	0.023625	0.003222	0.037586	0.084837	-0.016108	0.004296	0.127201	0.000000		-0.004296	-0.004296	0.034579		0.035438		0.035438	0.011813	0.002148				
mp:2017-08-10_21.00.00.News.COM_AGR.RICE1	RICE1	2017-08-10T21:00:00.000Z	News	2.2.18	1036.7	0.084946	-0.160606	-0.063664	0.002894	-0.001447	-0.004823	0.011575	0.008199	0.029903	0.070416	0.001929	0.030867	0.126194	0.017845		-0.000482		0.014180	-0.034726	0.012057		-0.020739	-0.005788	0.004823		0.019292	0.006752	0.005305
mp:2017-08-10_21.00.00.News.COM_AGR.SOY1	SOY1	2017-08-10T21:00:00.000Z	News	2.2.18	1345.7	0.110265	-0.057591	0.011147	0.005202		0.005202	0.013376	-0.008174	0.020807	0.025266	-0.007431	0.027123	0.094040	-0.000743		0.001486	0.001486	0.028461	0.002229	0.037898		0.067251	0.015977	0.005945	0.002601			0.001486
mp:2017-08-10_21.00.00.News.COM_AGR.SUG	SUG	2017-08-10T21:00:00.000Z	News	2.2.18	1328.1	0.108823	-0.143062	-0.004141	0.007530	0.004141	0.001506	0.007530	-0.007153	0.064001	0.070778	0.019200	0.008283	0.145207	-0.018824		0.001882		0.030570	0.000753	0.004141		0.036895	0.025600	0.002259		-0.000753		0.001506
mp:2017-08-10_21.00.00.News.COM_AGR.WHT	WHT	2017-08-10T21:00:00.000Z	News	2.2.18	2437.9	0.199759	-0.208376	-0.005948	0.007383		0.001333	0.008204	-0.005743	0.031995	0.065630	-0.031995	0.052914	0.154098	0.005743	0.001231	0.001025		0.017638	-0.001641	0.001231		0.012716	0.009845	0.000000				0.001436
mp:2017-08-10_21.00.00.News_Social.COM_AGR.CTTL	CTTL	2017-08-10T21:00:00.000Z	News_Social	2.2.18	1048.9	0.069182	-0.144914	-0.053389	0.006674	0.009057	-0.006435	0.068643	-0.002383	0.026695	0.058633	0.016207	0.010010	0.142268	0.003337	0.000953	0.002860		0.050910		0.008580	0.000953	-0.005720		0.012394	0.003814			
mp:2017-08-10_21.00.00.News_Social.COM_AGR.COC	COC	2017-08-10T21:00:00.000Z	News_Social	2.2.18	502.0	0.033110	-0.233068	-0.000996	0.005976	0.007968		0.006972	0.000000	0.036853	0.035857	-0.007968	0.005976	0.124004	-0.006972	0.003984	-0.007968	-0.003984	0.029880	-0.003984	-0.001992		0.023904	0.019920	0.003984				0.005976
mp:2017-08-10_21.00.00.News_Social.COM_AGR.COF	COF	2017-08-10T21:00:00.000Z	News_Social	2.2.18	1135.0	0.074861	-0.071806	0.008811	0.002643	0.007930	0.003855	0.019383	0.011894	0.008811	0.043172	0.006167	0.010573	0.102885	0.019383	0.016740	0.000000	0.000881	0.011366	0.002643	0.000000		0.094273	-0.000881	0.000881				0.012335
mp:2017-08-10_21.00.00.News_Social.COM_AGR.COR	COR	2017-08-10T21:00:00.000Z	News_Social	2.2.18	2673.8	0.176356	-0.174284	-0.042075	0.012342	0.001122	0.001543	0.010846	-0.011220	0.034595	0.058157	0.019448	0.018700	0.106207	-0.005610	0.000000	0.009350		0.036876	0.001122	0.003553	0.000374	0.015147	0.011594	0.005236	0.014773			0.017204
mp:2017-08-10_21.00.00.News_Social.COM_AGR.COT	COT	2017-08-10T21:00:00.000Z	News_Social	2.2.18	1455.8	0.096020	-0.032628	-0.013051	0.004121	0.004808	-0.006010	0.022668	0.010304	0.044992	0.056326	0.012364	0.015799	0.108875	0.002061	0.001030	-0.001374		0.035582	0.004121	0.023355		0.025416	0.002061	0.009273	0.005839			0.000687
mp:2017-08-10_21.00.00.News_Social.COM_AGR.HOGS	HOGS	2017-08-10T21:00:00.000Z	News_Social	2.2.18	92.0	0.006068	-0.347826	-0.054348			0.002717	0.141304	0.000000		0.054348	-0.010870		0.130435	0.021739		0.021739				0.000000								
mp:2017-08-10_21.00.00.News_Social.COM_AGR.ORJ	ORJ	2017-08-10T21:00:00.000Z	News_Social	2.2.18	42.0	0.002770	-0.166667					0.023810	0.047619	0.119048	0.095238			-0.053571					0.214286		0.214286		0.047619	0.047619					0.071429
mp:2017-08-10_21.00.00.News_Social.COM_AGR.POIL	POIL	2017-08-10T21:00:00.000Z	News_Social	2.2.18	979.2	0.064585	-0.115400	-0.032680	0.016340	0.004085	0.004085	0.027574	0.006127	0.035743	0.085784	-0.015319	0.004085	0.128625	0.001021		-0.004085	-0.004085	0.034926		0.033701		0.034722	0.011234	0.002042				
mp:2017-08-10_21.00.00.News_Social.COM_AGR.RICE1	RICE1	2017-08-10T21:00:00.000Z	News_Social	2.2.18	1498.2	0.098817	-0.164865	-0.040716	0.002002	0.003004	-0.003170	0.019357	0.017354	0.038046	0.066747	0.009345	0.022694	0.120611	0.013016		-0.001001		0.026832	-0.028034	0.009678		-0.017688	-0.004005	0.010012	0.016687	0.016687	0.005340	0.009678
mp:2017-08-10_21.00.00.News_Social.COM_AGR.SOY1	SOY1	2017-08-10T21:00:00.000Z	News_Social	2.2.18	1444.5	0.095275	-0.068882	0.000000	0.006231		0.005192	0.012461	-0.004846	0.023538	0.029768	-0.009000	0.025961	0.097508	-0.000692		0.001385	0.001385	0.027068	0.002077	0.033922		0.059882	0.014884	0.006923	0.002423			0.004154
mp:2017-08-10_21.00.00.News_Social.COM_AGR.SUG	SUG	2017-08-10T21:00:00.000Z	News_Social	2.2.18	1602.1	0.105670	-0.131390	-0.001560	0.007490	0.009987	0.000624	0.007802	-0.001248	0.059921	0.073965	0.018101	0.013108	0.148305	-0.015605		0.001560		0.039698	0.000624	0.004057		0.029961	0.021222	0.003121		-0.000624		0.002497
mp:2017-08-10_21.00.00.News_Social.COM_AGR.WHT	WHT	2017-08-10T21:00:00.000Z	News_Social	2.2.18	2687.9	0.177286	-0.224525	-0.005767	0.007069		0.001581	0.009487	-0.002790	0.032367	0.068641	-0.026787	0.048365	0.151019	0.003720	0.001116	0.000930		0.019346	-0.001860	0.000000		0.012649	0.008185	-0.001116	0.004092			0.001302