id	assetCode	windowTimestamp	dataType	systemVersion	buzz	relativeBuzz	sentiment	optimism	fear	joy	trust	violence	conflict	gloom	stress	timeUrgency	uncertainty	emotionVsFact	longShort	longShortForecast	priceDirection	priceForecast	volatility	consumptionVolume	productionVolume	regulatoryIssues	supplyVsDemand	supplyVsDemandForecast	acreageCultivated	agDisease	subsidies	subsidiesSentiment	weatherDamage
mp:2017-08-11_10.00.00.News.COM_AGR.CTTL	CTTL	2017-08-11T10:00:00.000Z	News	2.2.18	1229.4	0.099155	-0.175289	-0.048804	0.013014	0.003254	-0.006304	0.079714	0.026842	0.000813	0.055312	0.008541	0.007321	0.101798	0.008947		0.004880		0.020660	-0.000813	0.000000	0.000813	0.014641		0.004880	0.002440			0.001627
mp:2017-08-11_10.00.00.News.COM_AGR.COC	COC	2017-08-11T10:00:00.000Z	News	2.2.18	187.0	0.015082	-0.513369						-0.010695	0.026738	0.032086	-0.005348		0.183155			-0.005348		0.026738						0.005348				
mp:2017-08-11_10.00.00.News.COM_AGR.COF	COF	2017-08-11T10:00:00.000Z	News	2.2.18	337.5	0.027220	-0.226667	0.023704	0.005926	0.011852	0.001481		-0.056296		0.035556	-0.014815	0.002963	0.182593	-0.005926		-0.005926		0.029630		0.008889		-0.020741		0.002963				
mp:2017-08-11_10.00.00.News.COM_AGR.COR	COR	2017-08-11T10:00:00.000Z	News	2.2.18	2502.5	0.201834	-0.216384	-0.032967	0.011988	0.000400	-0.002847	0.009990	-0.008991	0.035365	0.063337	0.019980	0.016983	0.105814	-0.003596	0.000000	-0.021179	-0.004795	0.046873	0.001199	0.023177	0.000400	0.029371	0.012388	0.002797	0.013786			0.010789
mp:2017-08-11_10.00.00.News.COM_AGR.COT	COT	2017-08-11T10:00:00.000Z	News	2.2.18	1130.0	0.091138	-0.102655	-0.020354	0.002655	0.002655	-0.010398	0.034513	0.014159	0.013717	0.068584	0.005310	0.001770	0.123938	-0.014159		0.003540		0.027699	0.000885	0.007080		0.017699	0.000885	0.015044	0.017257			0.004425
mp:2017-08-11_10.00.00.News.COM_AGR.HOGS	HOGS	2017-08-11T10:00:00.000Z	News	2.2.18	64.0	0.005162	-0.359375					0.109375	0.031250		0.062500			0.007813			0.000000						-0.062500	-0.125000					
mp:2017-08-11_10.00.00.News.COM_AGR.ORJ	ORJ	2017-08-11T10:00:00.000Z	News	2.2.18	22.0	0.001774	-0.136364									-0.045455		-0.193182					0.318182		0.409091		0.090909	0.090909					
mp:2017-08-11_10.00.00.News.COM_AGR.POIL	POIL	2017-08-11T10:00:00.000Z	News	2.2.18	704.0	0.056780	-0.188920	-0.004261	0.011364		0.005682	0.031250	0.012784	0.056818	0.095170	-0.017045		0.141335	-0.024148		-0.005682	-0.001420	0.022727		0.014205		0.038352	0.014205					
mp:2017-08-11_10.00.00.News.COM_AGR.RICE1	RICE1	2017-08-11T10:00:00.000Z	News	2.2.18	1030.7	0.083129	-0.159600	-0.019889	0.002911	0.004366	-0.005094	0.019889	0.036383	0.035413	0.077617	0.002426	0.022800	0.127535	-0.001940		-0.001455	-0.001940	0.019113	-0.013583	0.007277		-0.015523	-0.001940	0.002911		0.009702	0.004851	0.044145
mp:2017-08-11_10.00.00.News.COM_AGR.SOY1	SOY1	2017-08-11T10:00:00.000Z	News	2.2.18	1617.0	0.130416	-0.133890	0.009276	0.004329	0.000618	0.003711	0.011132	-0.013605	0.033086	0.031849	0.009895	0.017934	0.094295	0.000618		-0.030303	-0.006184	0.024181	0.001855	0.047619		0.063389	0.013915	-0.002474	0.001546			0.001855
mp:2017-08-11_10.00.00.News.COM_AGR.SUG	SUG	2017-08-11T10:00:00.000Z	News	2.2.18	1317.1	0.106228	-0.204237	0.019740	0.006074	0.001518	-0.003037	0.008352	0.008352	0.050110	0.078202	0.010250	0.006833	0.155246	-0.022018		0.008352		0.023992		0.004176		0.047453	0.028851	0.000000				0.001518
mp:2017-08-11_10.00.00.News.COM_AGR.WHT	WHT	2017-08-11T10:00:00.000Z	News	2.2.18	2257.6	0.182082	-0.230112	-0.018825	0.005758		0.000111	0.007087	-0.003544	0.023476	0.067107	-0.035879	0.057140	0.146893	0.022812	0.001772	-0.011517		0.015149		0.005758		0.014617	0.013288	-0.000886				0.000664
mp:2017-08-11_10.00.00.News_Social.COM_AGR.CTTL	CTTL	2017-08-11T10:00:00.000Z	News_Social	2.2.18	1564.4	0.103052	-0.168435	-0.045704	0.010228	0.002557	-0.004155	0.088213	0.026528	0.005753	0.048581	0.011826	0.010547	0.098792	0.005114	0.001278	0.001278		0.035733	-0.000639	0.002557	0.000639	0.019177		0.003835	0.001918			0.001278
mp:2017-08-11_10.00.00.News_Social.COM_AGR.COC	COC	2017-08-11T10:00:00.000Z	News_Social	2.2.18	189.5	0.012483	-0.509235	-0.002639					-0.010554	0.026385	0.031662	-0.005277		0.178760	-0.002639		-0.005277		0.031662						0.005277				
mp:2017-08-11_10.00.00.News_Social.COM_AGR.COF	COF	2017-08-11T10:00:00.000Z	News_Social	2.2.18	823.5	0.054247	-0.106861	0.019429	0.002429	0.008500	0.003643	0.003643	0.001214	0.001214	0.034001	-0.000607	0.003643	0.086703	0.021858	0.008500	-0.001214	0.001214	0.018094		0.000000		0.133576		0.001214	-0.000607			0.021858
mp:2017-08-11_10.00.00.News_Social.COM_AGR.COR	COR	2017-08-11T10:00:00.000Z	News_Social	2.2.18	3080.1	0.202896	-0.219473	-0.035226	0.011363	0.000974	-0.001583	0.010389	-0.003084	0.033765	0.057628	0.017857	0.016720	0.090265	-0.001623	-0.000325	-0.017857	-0.003896	0.053862	0.000974	0.019967	0.000325	0.034901	0.010065	0.001948	0.015746			0.017532
mp:2017-08-11_10.00.00.News_Social.COM_AGR.COT	COT	2017-08-11T10:00:00.000Z	News_Social	2.2.18	1372.5	0.090411	-0.128233	-0.021858	0.002186	0.002186	-0.007468	0.034244	0.012386	0.018579	0.068124	0.002186	0.008015	0.126721	-0.015301		0.002914		0.030820	0.000729	0.002914		0.007286	0.000729	0.010565	0.017122			0.003643
mp:2017-08-11_10.00.00.News_Social.COM_AGR.HOGS	HOGS	2017-08-11T10:00:00.000Z	News_Social	2.2.18	108.0	0.007114	-0.314815	-0.055556				0.120370	0.000000	0.009259	0.064815	-0.009259		0.076389			0.000000				0.000000		-0.037037	-0.074074					
mp:2017-08-11_10.00.00.News_Social.COM_AGR.ORJ	ORJ	2017-08-11T10:00:00.000Z	News_Social	2.2.18	22.0	0.001449	-0.136364									-0.045455		-0.193182					0.318182		0.409091		0.090909	0.090909					
mp:2017-08-11_10.00.00.News_Social.COM_AGR.POIL	POIL	2017-08-11T10:00:00.000Z	News_Social	2.2.18	766.0	0.050459	-0.195822	-0.003916	0.010444		0.003916	0.040470	0.015666	0.052219	0.093995	-0.015666		0.139687	-0.020888		-0.005222	-0.001305	0.023499		0.013055	0.002611	0.036554	0.013055					0.002611
mp:2017-08-11_10.00.00.News_Social.COM_AGR.RICE1	RICE1	2017-08-11T10:00:00.000Z	News_Social	2.2.18	1422.7	0.093718	-0.177479	-0.012301	0.002109	0.003163	-0.002812	0.029873	0.046742	0.039713	0.076263	0.010192	0.019329	0.125255	0.001406		-0.001054	-0.001406	0.025796	-0.011949	0.003163		-0.013706	-0.001406	0.004217	0.017572	0.007732	0.003514	0.039010
mp:2017-08-11_10.00.00.News_Social.COM_AGR.SOY1	SOY1	2017-08-11T10:00:00.000Z	News_Social	2.2.18	1709.3	0.112597	-0.139823	0.008190	0.005265	0.000585	0.004095	0.010531	-0.010531	0.033640	0.033932	0.009946	0.018721	0.095302	0.000585		-0.029837	-0.005850	0.023343	0.001755	0.045048		0.056748	0.013163	-0.001755	0.001463			0.001755
mp:2017-08-11_10.00.00.News_Social.COM_AGR.SUG	SUG	2017-08-11T10:00:00.000Z	News_Social	2.2.18	1595.1	0.105074	-0.195912	0.016300	0.006269	0.002194	-0.003605	0.007836	0.012225	0.049527	0.076484	0.014106	0.010658	0.153423	-0.017554		0.006896		0.032976		0.004075		0.039809	0.023823	0.001254				0.004388
mp:2017-08-11_10.00.00.News_Social.COM_AGR.WHT	WHT	2017-08-11T10:00:00.000Z	News_Social	2.2.18	2527.6	0.166501	-0.232434	-0.015232	0.005143		0.000692	0.007121	-0.000396	0.022155	0.071412	-0.029277	0.051828	0.144554	0.020771	0.001583	-0.011078		0.017091	-0.000396	0.005539		0.020177	0.011869	0.000396	0.004352			0.000593
mp:2017-08-11_10.00.00.Social.COM_AGR.CTTL	CTTL	2017-08-11T10:00:00.000Z	Social	2.2.18	335.0	0.120421	-0.143284	-0.034328			0.003731	0.119403	0.025373	0.023881	0.023881	0.023881	0.022388	0.087761	-0.008955	0.005970	-0.011940		0.091045		0.011940		0.035821						
mp:2017-08-11_10.00.00.Social.COM_AGR.COC	COC	2017-08-11T10:00:00.000Z	Social	2.2.18	2.5	0.000899	-0.200000	-0.200000										-0.150000	-0.200000				0.400000										
mp:2017-08-11_10.00.00.Social.COM_AGR.COF	COF	2017-08-11T10:00:00.000Z	Social	2.2.18	486.0	0.174701	-0.023663	0.016461		0.006173	0.005144	0.006173	0.041152	0.002058	0.032922	0.009259	0.004115	0.020113	0.041152	0.014403	0.002058	0.002058	0.010082		-0.006173		0.240741			-0.001029			0.037037
mp:2017-08-11_10.00.00.Social.COM_AGR.COR	COR	2017-08-11T10:00:00.000Z	Social	2.2.18	577.6	0.207628	-0.232860	-0.045014	0.008657	0.003463	0.003895	0.012119	0.022507	0.026835	0.032895	0.008657	0.015582	0.022896	0.006925	-0.001731	-0.003463		0.084141		0.006060		0.058864		-0.001731	0.024238			0.046745
mp:2017-08-11_10.00.00.Social.COM_AGR.COT	COT	2017-08-11T10:00:00.000Z	Social	2.2.18	242.5	0.087171	-0.247423	-0.028866			0.006186	0.032990	0.004124	0.041237	0.065979	-0.012371	0.037113	0.139691	-0.020619				0.045361		-0.016495		-0.041237		-0.010309	0.016495			
mp:2017-08-11_10.00.00.Social.COM_AGR.HOGS	HOGS	2017-08-11T10:00:00.000Z	Social	2.2.18	44.0	0.015817	-0.250000	-0.136364				0.136364	-0.045455	0.022727	0.068182	-0.022727		0.176136							0.000000								
mp:2017-08-11_10.00.00.Social.COM_AGR.POIL	POIL	2017-08-11T10:00:00.000Z	Social	2.2.18	62.0	0.022287	-0.274194				-0.016129	0.145161	0.048387		0.080645	0.000000		0.120968	0.016129				0.032258			0.032258	0.016129						0.032258
mp:2017-08-11_10.00.00.Social.COM_AGR.RICE1	RICE1	2017-08-11T10:00:00.000Z	Social	2.2.18	392.0	0.140911	-0.224490	0.007653			0.003189	0.056122	0.073980	0.051020	0.072704	0.030612	0.010204	0.119260	0.010204		0.000000		0.043367	-0.007653	-0.007653		-0.008929		0.007653	0.063776	0.002551		0.025510
mp:2017-08-11_10.00.00.Social.COM_AGR.SOY1	SOY1	2017-08-11T10:00:00.000Z	Social	2.2.18	92.3	0.033179	-0.243770	-0.010834	0.021668		0.010834		0.043337	0.043337	0.070423	0.010834	0.032503	0.112947			-0.021668		0.008667		0.000000		-0.059588		0.010834				
mp:2017-08-11_10.00.00.Social.COM_AGR.SUG	SUG	2017-08-11T10:00:00.000Z	Social	2.2.18	278.0	0.099932	-0.156475	0.000000	0.007194	0.005396	-0.006295	0.005396	0.030576	0.046763	0.068345	0.032374	0.028777	0.144784	0.003597		0.000000		0.075540		0.003597		0.003597		0.007194				0.017986
mp:2017-08-11_10.00.00.Social.COM_AGR.WHT	WHT	2017-08-11T10:00:00.000Z	Social	2.2.18	270.0	0.097056	-0.251852	0.014815			0.005556	0.007407	0.025926	0.011111	0.107407	0.025926	0.007407	0.125000	0.003704		-0.007407		0.033333	-0.003704	0.003704		0.066667		0.011111	0.040741			