id	assetCode	windowTimestamp	dataType	systemVersion	buzz	relativeBuzz	sentiment	optimism	fear	joy	trust	violence	conflict	gloom	stress	timeUrgency	uncertainty	emotionVsFact	longShort	longShortForecast	priceDirection	priceForecast	volatility	consumptionVolume	productionVolume	regulatoryIssues	supplyVsDemand	supplyVsDemandForecast	acreageCultivated	agDisease	subsidies	subsidiesSentiment	weatherDamage
mp:2017-08-12_14.00.00.News.COM_AGR.CTTL	CTTL	2017-08-12T14:00:00.000Z	News	2.2.18	793.0	0.105757	-0.182850	-0.005675	0.015132	0.003783	0.002837	0.079445	0.022068	0.027743	0.054224	0.012610	0.011349	0.128783	-0.001261		0.006305		0.031526		0.001261		-0.002522	0.002522	0.003783	0.002522	0.002522	0.002522	0.005675
mp:2017-08-12_14.00.00.News.COM_AGR.COC	COC	2017-08-12T14:00:00.000Z	News	2.2.18	270.1	0.036021	-0.273973				0.000926		0.025916	0.140689	0.029619		0.011107	0.044335	-0.029619		-0.029619		0.072566				0.148093		0.031470				
mp:2017-08-12_14.00.00.News.COM_AGR.COF	COF	2017-08-12T14:00:00.000Z	News	2.2.18	313.0	0.041743	0.041534	0.015974		0.000000	0.000000	0.015974	-0.003195	0.031949	0.063898	0.015974	0.003195	0.134984	-0.006390		0.012780		0.070288		0.006390		-0.015974						
mp:2017-08-12_14.00.00.News.COM_AGR.COR	COR	2017-08-12T14:00:00.000Z	News	2.2.18	1555.5	0.207447	-0.012536	-0.003536	0.002572	0.016715	0.007393	0.005786	-0.022501	0.045002	0.018644	-0.007715	0.027001	0.029251	0.016072		0.002893		0.055288		0.041144		0.171649	0.040501	-0.000643				0.001929
mp:2017-08-12_14.00.00.News.COM_AGR.COT	COT	2017-08-12T14:00:00.000Z	News	2.2.18	549.2	0.073243	-0.173889	-0.000910	0.023671		0.001138	0.030954	0.010925	0.074654	0.110160	0.030954	0.012746	0.098689	0.003642		-0.014567		0.009468		-0.010925		-0.005462	0.003642	0.010925	0.005462			0.005462
mp:2017-08-12_14.00.00.News.COM_AGR.HOGS	HOGS	2017-08-12T14:00:00.000Z	News	2.2.18	92.0	0.012269	0.032609	0.086957	0.021739			0.032609	-0.086957		0.021739	-0.043478		0.114130	0.043478		0.086957												
mp:2017-08-12_14.00.00.News.COM_AGR.POIL	POIL	2017-08-12T14:00:00.000Z	News	2.2.18	309.5	0.041276	0.093700	0.000000	0.006462			0.006462	0.029079	0.038772	0.054927	0.012924		0.119144	-0.029079		-0.054927		0.016155	0.006462	0.022617		-0.033926	0.006462	-0.003231				
mp:2017-08-12_14.00.00.News.COM_AGR.RICE1	RICE1	2017-08-12T14:00:00.000Z	News	2.2.18	337.0	0.044944	0.096439	0.077151		-0.001484	0.002226	0.023739	-0.002967	0.017804	0.045994	0.026706	0.038576	0.110905	-0.008902		0.005935		0.047478	-0.002967	0.007418		0.010386	-0.002967	0.005935				0.038576
mp:2017-08-12_14.00.00.News.COM_AGR.SOY1	SOY1	2017-08-12T14:00:00.000Z	News	2.2.18	831.5	0.110892	-0.117859	0.001203			0.001203	0.009621	-0.050511	0.033674	0.022850	-0.022249	0.026458	0.019092	0.019242		-0.009621		0.054119		0.050511		0.150331	0.052916	-0.007216				
mp:2017-08-12_14.00.00.News.COM_AGR.SUG	SUG	2017-08-12T14:00:00.000Z	News	2.2.18	575.9	0.076804	-0.229206	-0.022573	0.005209	0.010418	0.000000		-0.026046	0.050356	0.039069	-0.015628	0.015628	0.150677	-0.060774		-0.010418		0.021532		-0.003473		0.052092	0.015628	-0.003473				
mp:2017-08-12_14.00.00.News.COM_AGR.WHT	WHT	2017-08-12T14:00:00.000Z	News	2.2.18	1871.6	0.249603	-0.269555	0.022441	0.003740		0.002137	0.008015	0.002137	0.015495	0.072932	-0.035264	0.072932	0.118335	0.011755	0.001603	0.000000		0.036653		0.004274		0.053430	0.007213	0.000267	0.003206			0.001069
mp:2017-08-12_14.00.00.News_Social.COM_AGR.CTTL	CTTL	2017-08-12T14:00:00.000Z	News_Social	2.2.18	973.5	0.107383	-0.145352	-0.003595	0.012327	0.009245	0.001027	0.072419	0.018490	0.030817	0.050847	0.006677	0.010272	0.137648	-0.002054		0.005136		0.038521		0.001541		-0.002054	0.002054	0.005136	0.002054	0.002054	0.002054	0.005650
mp:2017-08-12_14.00.00.News_Social.COM_AGR.COC	COC	2017-08-12T14:00:00.000Z	News_Social	2.2.18	274.1	0.030235	-0.262678				0.000912	-0.001824	0.020066	0.138636	0.029186		0.010945	0.046425	-0.029186		-0.029186		0.071507				0.145932		0.031011				
mp:2017-08-12_14.00.00.News_Social.COM_AGR.COF	COF	2017-08-12T14:00:00.000Z	News_Social	2.2.18	436.5	0.048149	0.024055	0.011455		0.000000	-0.001145	0.011455	-0.005727	0.032073	0.051546	0.016037	0.006873	0.123998	0.000000	0.002291	0.009164		0.077892		0.004582		-0.006873	0.004582					0.013746
mp:2017-08-12_14.00.00.News_Social.COM_AGR.COR	COR	2017-08-12T14:00:00.000Z	News_Social	2.2.18	1793.5	0.197834	-0.023418	-0.007527	0.003345	0.019515	0.006273	0.009479	-0.017563	0.046278	0.021745	-0.005018	0.023975	0.046278	0.015054		0.002509		0.052411		0.038472		0.151659	0.035127	-0.002230				0.003345
mp:2017-08-12_14.00.00.News_Social.COM_AGR.COT	COT	2017-08-12T14:00:00.000Z	News_Social	2.2.18	654.2	0.072162	-0.137573	-0.000764	0.019872		0.000955	0.038215	0.025222	0.065729	0.097829	0.025986	0.018343	0.098135	0.005350		-0.012229		0.012534		-0.009172		0.003057	0.003057	0.012229	0.007643			0.010700
mp:2017-08-12_14.00.00.News_Social.COM_AGR.HOGS	HOGS	2017-08-12T14:00:00.000Z	News_Social	2.2.18	142.7	0.015741	0.014015	0.063069	0.014015		0.001752	0.059566	-0.056062		0.049054	-0.049054	0.014015	0.121409	0.070077		0.056062		0.001402										
mp:2017-08-12_14.00.00.News_Social.COM_AGR.POIL	POIL	2017-08-12T14:00:00.000Z	News_Social	2.2.18	365.5	0.040317	0.095759	0.002736	0.005472		0.004104	0.005472	0.021888	0.038304	0.057456	0.024624		0.117305	-0.021888		-0.046512		0.019152	0.005472	0.021888		-0.025992	0.005472	-0.002736				
mp:2017-08-12_14.00.00.News_Social.COM_AGR.RICE1	RICE1	2017-08-12T14:00:00.000Z	News_Social	2.2.18	546.5	0.060282	-0.090576	0.053980		0.002745	0.001372	0.029277	0.011894	0.018298	0.052150	0.022873	0.023788	0.132205	0.003660		0.003660		0.038426	-0.001830	0.002745		0.000915	-0.001830	0.003660				0.023788
mp:2017-08-12_14.00.00.News_Social.COM_AGR.SOY1	SOY1	2017-08-12T14:00:00.000Z	News_Social	2.2.18	1024.0	0.112953	-0.082031	0.016602			0.000977	0.007813	-0.035645	0.029297	0.029297	-0.016113	0.025391	0.035889	0.018555		-0.012695		0.043945	0.001953	0.043945		0.125000	0.042969	-0.005859				
mp:2017-08-12_14.00.00.News_Social.COM_AGR.SUG	SUG	2017-08-12T14:00:00.000Z	News_Social	2.2.18	790.4	0.087186	-0.140435	0.016447	0.003796	0.007591	0.002214		-0.013917	0.044281	0.051240	0.001265	0.020243	0.158970	-0.031630	0.001265	-0.004428	0.000000	0.020749		0.002530		0.034160	0.011387	-0.001265	0.002530			0.003796
mp:2017-08-12_14.00.00.News_Social.COM_AGR.WHT	WHT	2017-08-12T14:00:00.000Z	News_Social	2.2.18	2064.8	0.227760	-0.264432	0.018888	0.004359		0.000605	0.009202	0.007265	0.014045	0.071435	-0.031722	0.066592	0.120314	0.012108	0.001453	0.000000		0.035258		0.007749		0.046494	0.006538	0.002664	0.002906	0.000484		0.001453
mp:2017-08-12_14.00.00.Social.COM_AGR.CTTL	CTTL	2017-08-12T14:00:00.000Z	Social	2.2.18	180.5	0.115159	0.019391	0.005540		0.033241	-0.006925	0.041551	0.002770	0.044321	0.036011	-0.019391	0.005540	0.176593	-0.005540				0.069252		0.002770				0.011080				0.005540
mp:2017-08-12_14.00.00.Social.COM_AGR.COC	COC	2017-08-12T14:00:00.000Z	Social	2.2.18	4.0	0.002552	0.500000					-0.125000	-0.375000					0.187500															
mp:2017-08-12_14.00.00.Social.COM_AGR.COF	COF	2017-08-12T14:00:00.000Z	Social	2.2.18	123.5	0.078793	-0.020243	0.000000			-0.004049		-0.012146	0.032389	0.020243	0.016194	0.016194	0.096154	0.016194	0.008097			0.097166				0.016194	0.016194					0.048583
mp:2017-08-12_14.00.00.Social.COM_AGR.COR	COR	2017-08-12T14:00:00.000Z	Social	2.2.18	238.0	0.151844	-0.094538	-0.033613	0.008403	0.037815	-0.001050	0.033613	0.014706	0.054622	0.042017	0.012605	0.004202	0.157563	0.008403				0.033613		0.021008		0.021008		-0.012605				0.012605
mp:2017-08-12_14.00.00.Social.COM_AGR.COT	COT	2017-08-12T14:00:00.000Z	Social	2.2.18	105.0	0.066990	0.052381					0.076190	0.100000	0.019048	0.033333		0.047619	0.095238	0.014286				0.028571				0.047619		0.019048	0.019048			0.038095
mp:2017-08-12_14.00.00.Social.COM_AGR.HOGS	HOGS	2017-08-12T14:00:00.000Z	Social	2.2.18	50.7	0.032347	-0.019724	0.019724			0.004931	0.108481	0.000000		0.098619	-0.059172	0.039448	0.134615	0.118343				0.003945										
mp:2017-08-12_14.00.00.Social.COM_AGR.POIL	POIL	2017-08-12T14:00:00.000Z	Social	2.2.18	56.0	0.035728	0.107143	0.017857			0.026786		-0.017857	0.035714	0.071429	0.089286		0.107143	0.017857				0.035714		0.017857		0.017857						
mp:2017-08-12_14.00.00.Social.COM_AGR.RICE1	RICE1	2017-08-12T14:00:00.000Z	Social	2.2.18	209.5	0.133661	-0.391408	0.016706		0.009547		0.038186	0.035800	0.019093	0.062053	0.016706		0.166468	0.023866				0.023866		-0.004773		-0.014320						
mp:2017-08-12_14.00.00.Social.COM_AGR.SOY1	SOY1	2017-08-12T14:00:00.000Z	Social	2.2.18	192.5	0.122815	0.072727	0.083117					0.028571	0.010390	0.057143	0.010390	0.020779	0.108442	0.015584		-0.025974			0.010390	0.015584		0.015584		0.000000				
mp:2017-08-12_14.00.00.Social.COM_AGR.SUG	SUG	2017-08-12T14:00:00.000Z	Social	2.2.18	214.5	0.136851	0.097902	0.121212			0.008159		0.018648	0.027972	0.083916	0.046620	0.032634	0.181235	0.046620	0.004662	0.011655	0.000000	0.018648		0.018648		-0.013986		0.004662	0.009324			0.013986
mp:2017-08-12_14.00.00.Social.COM_AGR.WHT	WHT	2017-08-12T14:00:00.000Z	Social	2.2.18	193.2	0.123261	-0.214803	-0.015528	0.010352		-0.014234	0.020704	0.056936		0.056936	0.002588	0.005176	0.139493	0.015528				0.021739		0.041408		-0.020704		0.025880		0.005176		0.005176