id	assetCode	windowTimestamp	dataType	systemVersion	buzz	relativeBuzz	sentiment	optimism	fear	joy	trust	violence	conflict	gloom	stress	timeUrgency	uncertainty	emotionVsFact	longShort	longShortForecast	priceDirection	priceForecast	volatility	consumptionVolume	productionVolume	regulatoryIssues	supplyVsDemand	supplyVsDemandForecast	newExploration	safetyAccident
mp:2017-08-12_04.00.00.News.COM_ENM.ALU	ALU	2017-08-12T04:00:00.000Z	News	2.2.18	1199.7	0.032711	-0.134200	0.007502	0.007502	0.001667	0.005626	0.028340	0.031675	0.041677	0.061265	0.002501	0.002501	0.111340	-0.007502	0.002501	0.019171	0.010003	0.036843	0.005001	0.005835	0.000834	0.036676	-0.001667		
mp:2017-08-12_04.00.00.News.COM_ENM.BIOF	BIOF	2017-08-12T04:00:00.000Z	News	2.2.18	152.2	0.004150	-0.003285	0.000000	0.006570		0.016426		-0.003285	0.019711	0.052562	0.006570	0.013141	0.103154	0.013141				0.099869	-0.006570	0.009855		-0.042707	-0.006570		
mp:2017-08-12_04.00.00.News.COM_ENM.COA	COA	2017-08-12T04:00:00.000Z	News	2.2.18	1528.7	0.041682	-0.095179	0.012429	0.005887	0.002617	0.000818	0.022241	0.008831	0.029110	0.067705	0.013737	0.013737	0.180169	0.000654		0.008504		0.031268		-0.009812	0.006542	0.025185	0.000654	0.007196	0.005887
mp:2017-08-12_04.00.00.News.COM_ENM.CPPR	CPPR	2017-08-12T04:00:00.000Z	News	2.2.18	1848.9	0.050412	-0.217156	0.006490	0.003245	0.005409	0.000270	0.009195	0.040565	0.058954	0.073557	0.029207	0.010276	0.197672	-0.003786	0.001623	0.000000		0.034832	0.002163	0.002163		0.003245		0.004868	
mp:2017-08-12_04.00.00.News.COM_ENM.CRU	CRU	2017-08-12T04:00:00.000Z	News	2.2.18	12251.5	0.334050	-0.276660	-0.003795	0.025385	0.000898	0.006326	0.006326	-0.000939	0.024160	0.056238	-0.019549	0.003795	0.122679	0.000531	-0.000082	-0.008611	0.000122	0.022903	0.000000	0.007754	0.000163	-0.017304	-0.001714	0.000816	
mp:2017-08-12_04.00.00.News.COM_ENM.BIOETH	BIOETH	2017-08-12T04:00:00.000Z	News	2.2.18	558.8	0.015236	0.075161	0.003579			-0.004474	0.008948	0.026843	0.069792	0.048318	0.023264	0.046528	0.115068	-0.008948		0.003579		0.015748	0.003579	0.016106		-0.220115			
mp:2017-08-12_04.00.00.News.COM_ENM.MOG	MOG	2017-08-12T04:00:00.000Z	News	2.2.18	1015.6	0.027691	-0.159512	-0.026585	0.015754	0.005908	0.004677	0.001969	-0.009846	0.010831	0.060063	-0.066463	0.003939	0.129579	-0.007877		0.009354		0.050315	0.010831	-0.003939		-0.012308	-0.007877		
mp:2017-08-12_04.00.00.News.COM_ENM.GOL	GOL	2017-08-12T04:00:00.000Z	News	2.2.18	9857.2	0.268767	-0.068275	0.012427	0.022014	0.002333	0.006264	0.019681	-0.011109	0.012072	0.077253	-0.005326	0.016840	0.164836	0.014101	0.001522	0.004971	0.000304	0.034817	0.000406	0.009485		-0.008826	-0.000507	0.009942	
mp:2017-08-12_04.00.00.News.COM_ENM.HOIL	HOIL	2017-08-12T04:00:00.000Z	News	2.2.18	57.0	0.001554	0.087719	0.175439			-0.131579		0.017544			0.245614		0.399123			0.017544									
mp:2017-08-12_04.00.00.News.COM_ENM.IRN	IRN	2017-08-12T04:00:00.000Z	News	2.2.18	1342.5	0.036605	-0.125885	-0.001490	0.018622	0.001490	0.003259	0.028305	0.002607	0.037244	0.058473	0.025326	0.034264	0.135754	-0.001490		-0.048045		0.032775	-0.000745	0.003724		-0.023836		0.002980	
mp:2017-08-12_04.00.00.News.COM_ENM.JET	JET	2017-08-12T04:00:00.000Z	News	2.2.18	175.0	0.004772	-0.068571	0.091429			-0.042857	0.011429	-0.028571	0.028571	0.068571	0.068571	0.011429	0.161429					0.017143		0.000000		-0.022857	-0.045714		
mp:2017-08-12_04.00.00.News.COM_ENM.LNG	LNG	2017-08-12T04:00:00.000Z	News	2.2.18	10.0	0.000273	-0.100000						-0.100000	0.100000		-0.100000		0.050000	0.300000		-0.100000									
mp:2017-08-12_04.00.00.News.COM_ENM.NAP	NAP	2017-08-12T04:00:00.000Z	News	2.2.18	89.2	0.002432	0.128924				0.089686				0.011211			-0.022982	0.022422				0.383408				-0.162556			
mp:2017-08-12_04.00.00.News.COM_ENM.NGS	NGS	2017-08-12T04:00:00.000Z	News	2.2.18	1286.6	0.035081	-0.242111	-0.023706	0.005052	0.001554	0.001749	0.010881	0.008550	0.016322	0.064122	0.002720	0.010104	0.114993	0.008550	0.001554	-0.002332		0.018809	-0.001943	-0.002720		0.000389	-0.004663	0.020208	
mp:2017-08-12_04.00.00.News.COM_ENM.NKL	NKL	2017-08-12T04:00:00.000Z	News	2.2.18	838.9	0.022874	-0.213971	0.005960		0.001192		0.028609	0.004768	0.047681	0.134700	0.005960	0.010728	0.188372	0.001192		-0.001192		0.018357		0.004768		0.005960			
mp:2017-08-12_04.00.00.News.COM_ENM.NSEA	NSEA	2017-08-12T04:00:00.000Z	News	2.2.18	486.1	0.013254	-0.561613	0.020572	0.024686			0.004114	-0.018515		0.026743	-0.012343		0.172907	-0.002057		-0.030858		0.001851		-0.002057		0.012343			
mp:2017-08-12_04.00.00.News.COM_ENM.PALL	PALL	2017-08-12T04:00:00.000Z	News	2.2.18	62.0	0.001690	0.483871						-0.016129	0.016129		0.016129		0.209677			0.032258		0.048387							
mp:2017-08-12_04.00.00.News.COM_ENM.PLAT	PLAT	2017-08-12T04:00:00.000Z	News	2.2.18	302.0	0.008234	0.187086				-0.002897	0.014901	0.038079	0.003311	0.036424	-0.086093	0.003311	0.174669	0.013245				0.057947		-0.009934		0.023179			
mp:2017-08-12_04.00.00.News.COM_ENM.RAREE	RAREE	2017-08-12T04:00:00.000Z	News	2.2.18	32.5	0.000886	-0.446154		0.030769			0.061538	0.030769	0.076923	0.046154			0.126923	0.061538				0.092308				-0.030769			
mp:2017-08-12_04.00.00.News.COM_ENM.SLVR	SLVR	2017-08-12T04:00:00.000Z	News	2.2.18	903.2	0.024627	0.217006	0.010518	0.001107	0.013286	0.003045	0.012179	0.003875	0.028787	0.053144	0.022143	0.019929	0.175349	0.004429		-0.003875	-0.000554	0.014947		0.005536		-0.001107	-0.004429	0.015500	
mp:2017-08-12_04.00.00.News.COM_ENM.STEE	STEE	2017-08-12T04:00:00.000Z	News	2.2.18	2608.0	0.071110	-0.111771	0.012270	0.019172	0.000000	0.023629	0.012270	0.004601	0.017446	0.074962	-0.009202	0.028566	0.150546	0.000000		0.028183	0.006135	0.029333		-0.004793	0.005752	-0.041603	0.000383		
mp:2017-08-12_04.00.00.News.COM_ENM.URAN	URAN	2017-08-12T04:00:00.000Z	News	2.2.18	70.0	0.001909	0.242857	0.035714					-0.007143	0.071429	0.050000	-0.014286	0.014286	0.207143	0.000000		0.057143		0.007143		0.014286				0.014286	
mp:2017-08-12_04.00.00.News_Social.COM_ENM.ALU	ALU	2017-08-12T04:00:00.000Z	News_Social	2.2.18	1615.7	0.034503	-0.103670	0.008356	0.006189	0.001238	0.004487	0.025995	0.034041	0.037445	0.064678	0.005570	0.003714	0.101164	0.004332	0.002476	0.014235	0.007427	0.043139	0.016092	-0.001857	0.000309	0.017330	-0.008665		
mp:2017-08-12_04.00.00.News_Social.COM_ENM.BIOF	BIOF	2017-08-12T04:00:00.000Z	News_Social	2.2.18	308.2	0.006582	0.060026	0.038936	0.009734		0.016223	0.003245	0.019468	0.019468	0.061648	0.012979	0.019468	0.131246	0.009734	0.003245	-0.003245		0.055808	-0.006489	0.050292		-0.006489	0.003245		
mp:2017-08-12_04.00.00.News_Social.COM_ENM.COA	COA	2017-08-12T04:00:00.000Z	News_Social	2.2.18	2353.3	0.050254	-0.127905	0.008074	0.005524	0.002125	-0.003506	0.039094	0.021672	0.024221	0.070964	0.011048	0.012961	0.165098	-0.000637		0.007649		0.034632		-0.007649	0.008074	0.008074	0.000000	0.004674	0.005099
mp:2017-08-12_04.00.00.News_Social.COM_ENM.CPPR	CPPR	2017-08-12T04:00:00.000Z	News_Social	2.2.18	2174.4	0.046434	-0.200975	0.013567	0.004369	0.005519	-0.000690	0.010118	0.040011	0.054728	0.072434	0.022535	0.010348	0.192731	0.000000	0.001840	0.002529		0.033343	0.002299	0.002070		0.004599		0.005059	
mp:2017-08-12_04.00.00.News_Social.COM_ENM.CRU	CRU	2017-08-12T04:00:00.000Z	News_Social	2.2.18	13805.3	0.294807	-0.255518	-0.002463	0.023180	0.000942	0.006229	0.007497	0.000724	0.024592	0.059977	-0.016588	0.004093	0.126377	0.001557	-0.000036	-0.007570	-0.000181	0.023607	-0.000362	0.008040	0.000362	-0.014053	-0.001594	0.000797	
mp:2017-08-12_04.00.00.News_Social.COM_ENM.BIOETH	BIOETH	2017-08-12T04:00:00.000Z	News_Social	2.2.18	674.8	0.014410	0.051867	0.004446			-0.004261	0.011855	0.025193	0.065205	0.048903	0.017783	0.038530	0.110848	-0.003705		0.002964		0.018969	0.007410	0.017783	0.001482	-0.177830		0.001482	
mp:2017-08-12_04.00.00.News_Social.COM_ENM.MOG	MOG	2017-08-12T04:00:00.000Z	News_Social	2.2.18	1217.2	0.025993	-0.163490	-0.027111	0.015610	0.004929	0.003902	0.007394	-0.004519	0.009037	0.066957	-0.062438	0.007394	0.134530	-0.008216		0.009448		0.044364	0.009037	-0.000822	0.000822	-0.010269	-0.006572		
mp:2017-08-12_04.00.00.News_Social.COM_ENM.GOL	GOL	2017-08-12T04:00:00.000Z	News_Social	2.2.18	12697.8	0.271157	-0.074619	0.013939	0.019137	0.007482	0.006625	0.021185	-0.006655	0.013113	0.074619	-0.004410	0.019728	0.169177	0.011892	0.001418	0.004765	0.000315	0.035920	0.000394	0.006537		-0.004725	-0.000394	0.008072	0.000315
mp:2017-08-12_04.00.00.News_Social.COM_ENM.HOIL	HOIL	2017-08-12T04:00:00.000Z	News_Social	2.2.18	71.0	0.001516	0.070423	0.140845			-0.105634		0.014085			0.197183	0.056338	0.355634	0.028169		0.014085									
mp:2017-08-12_04.00.00.News_Social.COM_ENM.IRN	IRN	2017-08-12T04:00:00.000Z	News_Social	2.2.18	1717.2	0.036670	-0.142092	-0.002329	0.014559	0.004076	0.002839	0.028535	-0.001456	0.035232	0.057070	0.016306	0.033194	0.133546	0.003203	0.000582	-0.037561		0.031272	-0.002912	0.004076		-0.015141		0.002038	
mp:2017-08-12_04.00.00.News_Social.COM_ENM.JET	JET	2017-08-12T04:00:00.000Z	News_Social	2.2.18	182.0	0.003887	-0.060440	0.082418			-0.041209	0.010989	-0.032967	0.027473	0.071429	0.071429	0.016484	0.166209					0.016484		0.000000		-0.021978	-0.043956		
mp:2017-08-12_04.00.00.News_Social.COM_ENM.LNG	LNG	2017-08-12T04:00:00.000Z	News_Social	2.2.18	165.5	0.003534	0.006042	0.084592	0.048338		0.015106		-0.006042	0.060423	0.111782	0.018127	0.024169	0.169184	0.042296		0.000000		0.012085	0.012085	0.015106		0.018127			
mp:2017-08-12_04.00.00.News_Social.COM_ENM.NAP	NAP	2017-08-12T04:00:00.000Z	News_Social	2.2.18	108.2	0.002311	0.134011				0.083179		0.009242		0.018484	0.009242		-0.009704	0.018484				0.316081		-0.009242		-0.087800			
mp:2017-08-12_04.00.00.News_Social.COM_ENM.NGS	NGS	2017-08-12T04:00:00.000Z	News_Social	2.2.18	1716.1	0.036647	-0.198998	-0.008449	0.009615	0.001165	0.001821	0.009906	0.013402	0.020978	0.069052	0.009615	0.014277	0.130572	0.009906	0.001165	0.000000		0.019346	-0.000874	0.001165	0.001165	0.010780	0.001165	0.015151	
mp:2017-08-12_04.00.00.News_Social.COM_ENM.NKL	NKL	2017-08-12T04:00:00.000Z	News_Social	2.2.18	1280.1	0.027336	-0.200766	-0.009374	0.003125	0.001562	0.001758	0.023436	0.022654	0.041012	0.131240	0.000781	0.014452	0.185610	-0.000781	0.000781	-0.000781		0.024686		0.005078		0.005859		0.008593	
mp:2017-08-12_04.00.00.News_Social.COM_ENM.NSEA	NSEA	2017-08-12T04:00:00.000Z	News_Social	2.2.18	542.1	0.011576	-0.531267	0.018447	0.022136			0.007379	-0.023981	0.001845	0.031360	-0.012913		0.170725	0.001845		-0.031360		0.009039		-0.001845		0.009223			
mp:2017-08-12_04.00.00.News_Social.COM_ENM.PALL	PALL	2017-08-12T04:00:00.000Z	News_Social	2.2.18	90.0	0.001922	0.261111	0.000000					0.011111	0.011111	0.050000	0.011111		0.216667	0.011111		0.022222		0.033333							
mp:2017-08-12_04.00.00.News_Social.COM_ENM.PLAT	PLAT	2017-08-12T04:00:00.000Z	News_Social	2.2.18	458.2	0.009785	0.118944	0.002182			0.001364	0.016368	0.048014	0.015277	0.042558	-0.034919	0.013095	0.178852	0.015277	0.002182	0.002182		0.049542	-0.002182	-0.004365		0.013095			
mp:2017-08-12_04.00.00.News_Social.COM_ENM.RAREE	RAREE	2017-08-12T04:00:00.000Z	News_Social	2.2.18	189.0	0.004036	0.166667	-0.010582	0.005291	0.010582	0.002646	0.010582	-0.015873	0.013228	0.050265	0.037037	0.031746	0.152116	0.021164		0.015873		0.050265		0.074074		-0.031746	-0.005291		
mp:2017-08-12_04.00.00.News_Social.COM_ENM.SLVR	SLVR	2017-08-12T04:00:00.000Z	News_Social	2.2.18	1446.5	0.030890	0.116834	0.003111	0.001728	0.008987	0.005617	0.020394	0.012789	0.032492	0.062910	0.023851	0.022122	0.169651	0.013481	0.002074	0.001728	-0.000346	0.023782	-0.001383	0.002765		-0.002765	-0.002765	0.010370	
mp:2017-08-12_04.00.00.News_Social.COM_ENM.STEE	STEE	2017-08-12T04:00:00.000Z	News_Social	2.2.18	3834.6	0.081887	-0.104705	0.000261	0.015647	0.001043	0.017570	0.013561	0.009127	0.014473	0.066761	-0.003260	0.022819	0.152565	0.002477		0.022819	0.004173	0.028217	-0.000782	-0.002477	0.004173	-0.019950	-0.001825		
mp:2017-08-12_04.00.00.News_Social.COM_ENM.URAN	URAN	2017-08-12T04:00:00.000Z	News_Social	2.2.18	181.0	0.003865	-0.002762	0.002762	0.005525	0.005525	-0.015193	0.038674	-0.002762	0.044199	0.069061	-0.011050	0.005525	0.196823	0.002762		0.022099		0.002762	0.011050	0.005525	0.011050	-0.008287		0.016575	
mp:2017-08-12_04.00.00.Social.COM_ENM.ALU	ALU	2017-08-12T04:00:00.000Z	Social	2.2.18	416.0	0.040975	-0.015625	0.010817	0.002404		0.001202	0.019231	0.040865	0.025240	0.074519	0.014423	0.007212	0.071815	0.038462	0.002404			0.061298	0.048077	-0.024038	-0.001202	-0.038462	-0.028846		
mp:2017-08-12_04.00.00.Social.COM_ENM.BIOF	BIOF	2017-08-12T04:00:00.000Z	Social	2.2.18	156.0	0.015366	0.121795	0.076923	0.012821		0.016026	0.006410	0.041667	0.019231	0.070513	0.019231	0.025641	0.158654	0.006410	0.006410	-0.006410		0.012821	-0.006410	0.089744		0.028846	0.012821		
mp:2017-08-12_04.00.00.Social.COM_ENM.COA	COA	2017-08-12T04:00:00.000Z	Social	2.2.18	824.6	0.081221	-0.188576	0.000000	0.004851	0.001213	-0.011521	0.070337	0.045477	0.015159	0.077007	0.006064	0.011521	0.137157	-0.003032		0.006064		0.040868		-0.003638	0.010914	-0.023648	-0.001213		0.003638
mp:2017-08-12_04.00.00.Social.COM_ENM.CPPR	CPPR	2017-08-12T04:00:00.000Z	Social	2.2.18	325.5	0.032061	-0.109063	0.053763	0.010753	0.006144	-0.006144	0.015361	0.036866	0.030722	0.066052	-0.015361	0.010753	0.164670	0.021505	0.003072	0.016897		0.024885	0.003072	0.001536		0.012289		0.006144	
mp:2017-08-12_04.00.00.Social.COM_ENM.CRU	CRU	2017-08-12T04:00:00.000Z	Social	2.2.18	1553.8	0.153045	-0.088815	0.008045	0.005792	0.001287	0.005470	0.016733	0.013837	0.027996	0.089458	0.006758	0.006436	0.155538	0.009654	0.000322	0.000644	-0.002574	0.029154	-0.003218	0.010297	0.001931	0.011585	-0.000644	0.000644	
mp:2017-08-12_04.00.00.Social.COM_ENM.BIOETH	BIOETH	2017-08-12T04:00:00.000Z	Social	2.2.18	116.0	0.011426	-0.060345	0.008621			-0.003233	0.025862	0.017241	0.043103	0.051724	-0.008621		0.090517	0.021552				0.034483	0.025862	0.025862	0.008621	0.025862		0.008621	
mp:2017-08-12_04.00.00.Social.COM_ENM.MOG	MOG	2017-08-12T04:00:00.000Z	Social	2.2.18	201.6	0.019857	-0.183532	-0.029762	0.014881		0.000000	0.034722	0.022321		0.101687	-0.042163	0.024802	0.159474	-0.009921		0.009921		0.014385		0.014881	0.004960	0.000000			
mp:2017-08-12_04.00.00.Social.COM_ENM.GOL	GOL	2017-08-12T04:00:00.000Z	Social	2.2.18	2840.6	0.279790	-0.096635	0.019186	0.009153	0.025347	0.007877	0.026403	0.008801	0.016722	0.065479	-0.001232	0.029747	0.184239	0.004224	0.001056	0.004048	0.000352	0.039745	0.000352	-0.003696		0.009505	0.000000	0.001584	0.001408
mp:2017-08-12_04.00.00.Social.COM_ENM.HOIL	HOIL	2017-08-12T04:00:00.000Z	Social	2.2.18	14.0	0.001379	0.000000										0.285714	0.178571	0.142857											
mp:2017-08-12_04.00.00.Social.COM_ENM.IRN	IRN	2017-08-12T04:00:00.000Z	Social	2.2.18	374.7	0.036907	-0.200160	-0.005338		0.013344	0.001334	0.029357	-0.016013	0.028022	0.052042	-0.016013	0.029357	0.125634	0.020016	0.002669	0.000000		0.025887	-0.010675	0.005338		0.016013		-0.001334	
mp:2017-08-12_04.00.00.Social.COM_ENM.JET	JET	2017-08-12T04:00:00.000Z	Social	2.2.18	7.0	0.000689	0.142857	-0.142857					-0.142857		0.142857	0.142857	0.142857	0.285714												
mp:2017-08-12_04.00.00.Social.COM_ENM.LNG	LNG	2017-08-12T04:00:00.000Z	Social	2.2.18	155.5	0.015316	0.012862	0.090032	0.051447		0.016077		0.000000	0.057878	0.118971	0.025723	0.025723	0.176849	0.025723		0.006431		0.012862	0.012862	0.016077		0.019293			
mp:2017-08-12_04.00.00.Social.COM_ENM.NAP	NAP	2017-08-12T04:00:00.000Z	Social	2.2.18	19.0	0.001871	0.157895				0.052632		0.052632		0.052632	0.052632		0.052632							-0.052632		0.263158			
mp:2017-08-12_04.00.00.Social.COM_ENM.NGS	NGS	2017-08-12T04:00:00.000Z	Social	2.2.18	429.5	0.042304	-0.069849	0.037253	0.023283		0.002037	0.006985	0.027939	0.034924	0.083818	0.030268	0.026775	0.177241	0.013970		0.006985		0.020955	0.002328	0.012806	0.004657	0.041909	0.018626		
mp:2017-08-12_04.00.00.Social.COM_ENM.NKL	NKL	2017-08-12T04:00:00.000Z	Social	2.2.18	441.2	0.043457	-0.175657	-0.038531	0.009066	0.002267	0.005100	0.013599	0.056664	0.028332	0.124660	-0.009066	0.021532	0.180360	-0.004533	0.002267			0.036718		0.005666		0.005666		0.024932	
mp:2017-08-12_04.00.00.Social.COM_ENM.NSEA	NSEA	2017-08-12T04:00:00.000Z	Social	2.2.18	56.0	0.005516	-0.267857					0.035714	-0.071429	0.017857	0.071429	-0.017857		0.151786	0.035714		-0.035714		0.071429				-0.017857			
mp:2017-08-12_04.00.00.Social.COM_ENM.PALL	PALL	2017-08-12T04:00:00.000Z	Social	2.2.18	28.0	0.002758	-0.232143	0.000000					0.071429		0.160714			0.232143	0.035714											
mp:2017-08-12_04.00.00.Social.COM_ENM.PLAT	PLAT	2017-08-12T04:00:00.000Z	Social	2.2.18	156.2	0.015385	-0.012804	0.006402			0.009603	0.019206	0.067222	0.038412	0.054417	0.064020	0.032010	0.186940	0.019206	0.006402	0.006402		0.033291	-0.006402	0.006402		-0.006402			
mp:2017-08-12_04.00.00.Social.COM_ENM.RAREE	RAREE	2017-08-12T04:00:00.000Z	Social	2.2.18	156.5	0.015415	0.293930	-0.012780		0.012780	0.003195		-0.025559		0.051118	0.044728	0.038339	0.157348	0.012780		0.019169		0.041534		0.089457		-0.031949	-0.006390		
mp:2017-08-12_04.00.00.Social.COM_ENM.SLVR	SLVR	2017-08-12T04:00:00.000Z	Social	2.2.18	543.3	0.053513	-0.049696	-0.009203	0.002761	0.001841	0.009893	0.034051	0.027609	0.038653	0.079146	0.026689	0.025768	0.160179	0.028529	0.005522	0.011044		0.038469	-0.003681	-0.001841		-0.005522		0.001841	
mp:2017-08-12_04.00.00.Social.COM_ENM.STEE	STEE	2017-08-12T04:00:00.000Z	Social	2.2.18	1226.6	0.120816	-0.089679	-0.025273	0.008153	0.003261	0.004688	0.016305	0.018751	0.008153	0.049323	0.009376	0.010598	0.156856	0.007745		0.011414	0.000000	0.025844	-0.002446	0.002446	0.000815	0.026088	-0.006522		
mp:2017-08-12_04.00.00.Social.COM_ENM.URAN	URAN	2017-08-12T04:00:00.000Z	Social	2.2.18	111.0	0.010933	-0.157658	-0.018018	0.009009	0.009009	-0.024775	0.063063	0.000000	0.027027	0.081081	-0.009009		0.190315	0.004505					0.018018		0.018018	-0.013514		0.018018	