id	assetCode	windowTimestamp	dataType	systemVersion	buzz	relativeBuzz	sentiment	optimism	fear	joy	trust	violence	conflict	gloom	stress	timeUrgency	uncertainty	emotionVsFact	longShort	longShortForecast	priceDirection	priceForecast	volatility	consumptionVolume	productionVolume	regulatoryIssues	supplyVsDemand	supplyVsDemandForecast	newExploration	safetyAccident
mp:2017-08-15_09.00.00.News_Social.COM_ENM.ALU	ALU	2017-08-15T09:00:00.000Z	News_Social	2.2.19	2470.4	0.041841	-0.141677	-0.038860	0.003238	0.001214	-0.002935	0.005060	0.006274	0.029347	0.038455	0.018418	0.035824	0.152465	-0.001417		0.014168		0.053797	0.003238	0.003643		-0.018823	-0.000810		
mp:2017-08-15_09.00.00.News_Social.COM_ENM.BIOF	BIOF	2017-08-15T09:00:00.000Z	News_Social	2.2.19	228.0	0.003862	0.298246	0.083333			0.016447	0.008772	0.030702	0.008772	0.052632	0.013158	0.026316	0.162281	0.052632	0.004386	0.004386		0.043860		0.026316		-0.017544		0.000000	
mp:2017-08-15_09.00.00.News_Social.COM_ENM.COA	COA	2017-08-15T09:00:00.000Z	News_Social	2.2.19	4248.2	0.071952	-0.186667	-0.020008	0.007415	0.002354	-0.000618	0.072972	0.032131	0.033308	0.091921	-0.004119	0.010122	0.157002	0.004590	0.001177	0.000471	-0.001412	0.031919	0.001883	-0.001765	0.012476	-0.007886	0.000471	0.005649	0.000471
mp:2017-08-15_09.00.00.News_Social.COM_ENM.CPPR	CPPR	2017-08-15T09:00:00.000Z	News_Social	2.2.19	1837.0	0.031113	-0.080022	0.011159	0.003811	0.004899	0.009254	0.010343	0.031845	0.017964	0.045182	-0.001905	0.045727	0.160860	0.008165	0.001633	0.047904		0.017148		-0.009526	0.003266	-0.009526	-0.001089	0.016331	
mp:2017-08-15_09.00.00.News_Social.COM_ENM.CRU	CRU	2017-08-15T09:00:00.000Z	News_Social	2.2.19	16684.6	0.282588	-0.250860	-0.004885	0.018760	0.000989	-0.000547	0.005814	-0.011478	0.032065	0.077826	-0.000180	0.013456	0.130294	0.004225	0.000240	-0.002128	-0.000479	0.057892	0.000240	-0.002667	0.000959	0.010938	0.000300	0.001738	
mp:2017-08-15_09.00.00.News_Social.COM_ENM.BIOETH	BIOETH	2017-08-15T09:00:00.000Z	News_Social	2.2.19	184.0	0.003116	0.195652	-0.010870		0.043478	0.016304	0.010870	0.010870	0.010870	0.029891	0.010870	0.005435	0.129076	0.019022	0.010870	0.005435		0.043478	0.010870	0.000000		-0.027174			
mp:2017-08-15_09.00.00.News_Social.COM_ENM.MOG	MOG	2017-08-15T09:00:00.000Z	News_Social	2.2.19	2005.4	0.033966	-0.133141	0.020694	0.020195	0.000997	0.004987	0.040890	0.005984	0.036152	0.073302	0.001247	0.009724	0.113793	0.024933	0.001496	0.002244	0.003241	0.035155	0.007480	0.003989		0.031415	-0.004987	0.001496	
mp:2017-08-15_09.00.00.News_Social.COM_ENM.GOL	GOL	2017-08-15T09:00:00.000Z	News_Social	2.2.19	13921.9	0.235796	-0.125953	0.017275	0.010236	0.018496	0.005127	0.025392	-0.007722	0.015659	0.072153	0.002370	0.021980	0.171024	0.002442	0.000144	0.001149	0.000575	0.025234	0.000215	-0.000503		-0.019430	-0.001221	0.009302	0.000215
mp:2017-08-15_09.00.00.News_Social.COM_ENM.HOIL	HOIL	2017-08-15T09:00:00.000Z	News_Social	2.2.19	121.0	0.002049	-0.363636	0.016529			-0.012397		-0.008264		0.008264	0.115702		0.068182			0.066116	0.082645	0.066116	-0.008264			0.157025			
mp:2017-08-15_09.00.00.News_Social.COM_ENM.IRN	IRN	2017-08-15T09:00:00.000Z	News_Social	2.2.19	5374.3	0.091025	-0.248591	-0.004559	0.024189	0.001302	-0.002931	0.048471	0.030423	0.029120	0.116666	-0.021491	0.014700	0.162375	-0.006885		-0.008745	0.000372	0.019054	0.000744	-0.007908	0.000186	-0.001489	0.006699	0.000558	
mp:2017-08-15_09.00.00.News_Social.COM_ENM.JET	JET	2017-08-15T09:00:00.000Z	News_Social	2.2.19	26.0	0.000440	-0.115385	0.115385			-0.057692			0.038462	0.057692	0.307692	0.019231	0.288462					0.038462				-0.038462	-0.038462		
mp:2017-08-15_09.00.00.News_Social.COM_ENM.LNG	LNG	2017-08-15T09:00:00.000Z	News_Social	2.2.19	205.2	0.003475	-0.038986	0.019493			0.003655		-0.004873	0.029240	0.024366	0.029240	0.019493	0.125244	0.009747	0.009747	-0.024366		0.020468		0.029240		0.004873		0.009747	
mp:2017-08-15_09.00.00.News_Social.COM_ENM.NAP	NAP	2017-08-15T09:00:00.000Z	News_Social	2.2.19	95.0	0.001609	-0.400000						-0.010526	-0.042105	-0.021053	-0.010526		-0.028947					0.421053				0.042105			
mp:2017-08-15_09.00.00.News_Social.COM_ENM.NGS	NGS	2017-08-15T09:00:00.000Z	News_Social	2.2.19	2358.9	0.039953	-0.085845	0.019077	0.002544	0.000424	0.001590	0.029039	0.006147	0.037941	0.080334	0.014837	0.026071	0.135890	0.001908	0.001272	-0.001272		0.033405	0.009750	0.039849	0.000424	-0.029463	-0.001696	0.012294	
mp:2017-08-15_09.00.00.News_Social.COM_ENM.NKL	NKL	2017-08-15T09:00:00.000Z	News_Social	2.2.19	473.5	0.008020	-0.138332	0.023231	0.008448	0.010560	0.011088	0.027455	0.027455	0.019007	0.055966	0.021119	0.019007	0.168955	0.004224	0.004224			0.031679		-0.026399		0.007392		0.006336	
mp:2017-08-15_09.00.00.News_Social.COM_ENM.NSEA	NSEA	2017-08-15T09:00:00.000Z	News_Social	2.2.19	901.5	0.015269	-0.348863	-0.023295	0.013311			0.008874	-0.024404	0.033278	0.064337	-0.031059	0.012202	0.124653	-0.001109		-0.009983		0.084304		-0.002219		0.017748	0.008874	0.001109	
mp:2017-08-15_09.00.00.News_Social.COM_ENM.PALL	PALL	2017-08-15T09:00:00.000Z	News_Social	2.2.19	55.5	0.000940	-0.342342							0.036036	0.018018	-0.054054		0.227477	-0.018018				0.009009							
mp:2017-08-15_09.00.00.News_Social.COM_ENM.PLAT	PLAT	2017-08-15T09:00:00.000Z	News_Social	2.2.19	485.3	0.008220	-0.189573	-0.021636		0.010303	0.011848	0.004121	-0.031939	0.043272	0.025757	0.000000	0.005151	0.214146	0.008242		0.002061		0.009891		0.004121		-0.003091		0.002061	
mp:2017-08-15_09.00.00.News_Social.COM_ENM.RAREE	RAREE	2017-08-15T09:00:00.000Z	News_Social	2.2.19	319.5	0.005411	-0.095462	-0.028169			0.003130	0.031299	0.046948	0.003130	0.143975	0.009390	0.021909	0.080986			0.006260		0.015649		-0.050078		0.093897	-0.012520		
mp:2017-08-15_09.00.00.News_Social.COM_ENM.SLVR	SLVR	2017-08-15T09:00:00.000Z	News_Social	2.2.19	2093.4	0.035456	-0.099838	0.007165	0.003822	0.005732	0.002150	0.036305	0.000239	0.023168	0.049202	0.001672	0.039171	0.159776	-0.009315	0.000955	0.002150	-0.000717	0.028900	0.000478	0.000955		-0.007165	0.001911	0.014808	
mp:2017-08-15_09.00.00.News_Social.COM_ENM.STEE	STEE	2017-08-15T09:00:00.000Z	News_Social	2.2.19	4831.0	0.081823	-0.117057	-0.025150	0.017698	0.001242	0.005537	0.020493	0.004554	0.034154	0.072759	0.013351	0.013869	0.158684	-0.003312	0.000414	0.011902	0.000828	0.033533	0.001242	0.009522	0.001449	-0.001242	-0.003933		
mp:2017-08-15_09.00.00.News_Social.COM_ENM.URAN	URAN	2017-08-15T09:00:00.000Z	News_Social	2.2.19	122.5	0.002075	0.048980	0.048980			0.006122	0.040816	0.000000	0.081633	0.085714	0.000000	0.044898	0.165306	-0.040816	-0.008163	0.032653		0.032653						0.016327	
mp:2017-08-15_09.00.00.News.COM_ENM.ALU	ALU	2017-08-15T09:00:00.000Z	News	2.2.19	1979.5	0.043983	-0.181359	-0.046729	0.004041		-0.005999	0.005304	-0.005557	0.031321	0.031068	0.021470	0.039151	0.156037	0.000000		0.015661		0.060621	0.000505	0.007072		-0.016923	-0.000505		
mp:2017-08-15_09.00.00.News.COM_ENM.BIOF	BIOF	2017-08-15T09:00:00.000Z	News	2.2.19	63.0	0.001400	0.071429	-0.031746			0.011905	0.031746	-0.015873	0.031746	0.079365	0.031746	0.031746	0.126984	0.063492	0.015873			0.063492		0.047619		0.007937			
mp:2017-08-15_09.00.00.News.COM_ENM.COA	COA	2017-08-15T09:00:00.000Z	News	2.2.19	2400.7	0.053342	-0.195360	-0.019161	0.001666	0.000417	0.004426	0.067689	0.028533	0.043737	0.084142	-0.027075	0.011247	0.151143	0.003124	0.000000	0.000417	-0.002499	0.036489	0.002499	0.000625	0.003749	-0.008956	0.000417	0.007498	
mp:2017-08-15_09.00.00.News.COM_ENM.CPPR	CPPR	2017-08-15T09:00:00.000Z	News	2.2.19	1535.5	0.034118	-0.080755	0.015956	0.003908	0.003908	0.007815	0.009769	0.036470	0.019538	0.041680	-0.004233	0.048193	0.162244	0.007164		0.053403		0.013676		-0.010746	0.003908	-0.014328	-0.001303	0.018235	
mp:2017-08-15_09.00.00.News.COM_ENM.CRU	CRU	2017-08-15T09:00:00.000Z	News	2.2.19	14464.4	0.321391	-0.254936	-0.003699	0.020326	0.001002	-0.001098	0.005635	-0.014968	0.031906	0.077604	-0.000519	0.012721	0.127093	0.004148	0.000415	-0.002005	-0.000242	0.061371	0.000069	-0.002938	0.000968	0.013101	0.000415	0.001798	
mp:2017-08-15_09.00.00.News.COM_ENM.BIOETH	BIOETH	2017-08-15T09:00:00.000Z	News	2.2.19	83.1	0.001846	0.342960	-0.030084		0.096270	0.006017				0.006017	0.012034	0.012034	0.159146	0.048135	0.024067	0.012034		0.079422	0.012034			0.024067			
mp:2017-08-15_09.00.00.News.COM_ENM.MOG	MOG	2017-08-15T09:00:00.000Z	News	2.2.19	1677.5	0.037273	-0.160954	0.022653	0.023845	0.001192	0.004024	0.048286	0.008346	0.039344	0.079285	-0.000298	0.010134	0.110089	0.028018	0.001788	0.001192	0.005365	0.036721	0.008942	0.001192		0.035768	-0.005961	0.001788	
mp:2017-08-15_09.00.00.News.COM_ENM.GOL	GOL	2017-08-15T09:00:00.000Z	News	2.2.19	10311.6	0.229118	-0.159481	0.016244	0.010522	0.013189	0.005225	0.027396	-0.007079	0.015565	0.078213	0.007710	0.022450	0.175644	0.001988	0.000388	-0.000485	0.000582	0.022111	0.000388	-0.002618		-0.021432	-0.001455	0.010037	
mp:2017-08-15_09.00.00.News.COM_ENM.HOIL	HOIL	2017-08-15T09:00:00.000Z	News	2.2.19	112.0	0.002489	-0.339286	0.017857			-0.013393				0.008929	0.133929		0.058036			0.071429	0.089286	0.071429	-0.008929			0.169643			
mp:2017-08-15_09.00.00.News.COM_ENM.IRN	IRN	2017-08-15T09:00:00.000Z	News	2.2.19	4257.6	0.094602	-0.252842	-0.004345	0.025366		-0.003347	0.045331	0.028185	0.030534	0.124836	-0.026423	0.014680	0.169303	-0.011039		-0.011157	0.000235	0.015314	0.000470	-0.009043	0.000235	-0.004932	0.008455	0.000470	
mp:2017-08-15_09.00.00.News.COM_ENM.JET	JET	2017-08-15T09:00:00.000Z	News	2.2.19	26.0	0.000578	-0.115385	0.115385			-0.057692			0.038462	0.057692	0.307692	0.019231	0.288462					0.038462				-0.038462	-0.038462		
mp:2017-08-15_09.00.00.News.COM_ENM.LNG	LNG	2017-08-15T09:00:00.000Z	News	2.2.19	31.0	0.000689	0.161290						0.064516		0.064516			0.088710	-0.096774						0.064516		-0.129032			
mp:2017-08-15_09.00.00.News.COM_ENM.NAP	NAP	2017-08-15T09:00:00.000Z	News	2.2.19	92.0	0.002044	-0.413043							-0.043478	-0.021739			-0.032609					0.434783				0.043478			
mp:2017-08-15_09.00.00.News.COM_ENM.NGS	NGS	2017-08-15T09:00:00.000Z	News	2.2.19	1596.2	0.035467	-0.075492	0.001879	0.001253		0.000940	0.033830	0.001253	0.039782	0.095539	0.005638	0.028192	0.148462	-0.001566	0.000626	0.000626		0.036712	0.013156	0.037276		-0.011277	-0.002506	0.016289	
mp:2017-08-15_09.00.00.News.COM_ENM.NKL	NKL	2017-08-15T09:00:00.000Z	News	2.2.19	205.0	0.004555	-0.260976				0.019512		0.019512	0.004878	0.019512	0.048780		0.182927	0.002439				0.043902		-0.039024					
mp:2017-08-15_09.00.00.News.COM_ENM.NSEA	NSEA	2017-08-15T09:00:00.000Z	News	2.2.19	829.5	0.018431	-0.351417	-0.026522	0.014467			0.004822	-0.019289	0.036166	0.069922	-0.024111	0.010850	0.123418	-0.002411		-0.007233		0.089210		-0.002411		0.022905	0.009644	0.001206	
mp:2017-08-15_09.00.00.News.COM_ENM.PALL	PALL	2017-08-15T09:00:00.000Z	News	2.2.19	39.0	0.000867	-0.384615											0.250000												
mp:2017-08-15_09.00.00.News.COM_ENM.PLAT	PLAT	2017-08-15T09:00:00.000Z	News	2.2.19	260.8	0.005795	-0.532975	-0.076687		0.007669	0.005752		-0.046012	0.061350	0.019172	0.003834		0.241756	-0.023006		0.003834		0.010736						0.003834	
mp:2017-08-15_09.00.00.News.COM_ENM.RAREE	RAREE	2017-08-15T09:00:00.000Z	News	2.2.19	180.5	0.004011	-0.002770	-0.027701			0.005540	0.044321	0.049861	0.005540	0.155125	-0.005540	0.022161	0.154432			-0.005540		0.011080		-0.022161		-0.027701	-0.022161		
mp:2017-08-15_09.00.00.News.COM_ENM.SLVR	SLVR	2017-08-15T09:00:00.000Z	News	2.2.19	1498.3	0.033291	-0.107121	0.007675	0.002670	0.006007	0.000834	0.027031	-0.001001	0.015684	0.051392	-0.007675	0.051392	0.169158	-0.019022		0.000334	-0.000334	0.025763	0.000667	0.002002		-0.005673		0.016686	
mp:2017-08-15_09.00.00.News.COM_ENM.STEE	STEE	2017-08-15T09:00:00.000Z	News	2.2.19	3319.9	0.073766	-0.102413	-0.017169	0.023947	0.001205	0.007229	0.018976	-0.006627	0.040513	0.066568	0.011145	0.010844	0.161390	-0.008735	0.000000	0.011597	0.001205	0.035061	0.000000	0.015362	0.001807	-0.005572	-0.006024		
mp:2017-08-15_09.00.00.News.COM_ENM.URAN	URAN	2017-08-15T09:00:00.000Z	News	2.2.19	42.5	0.000944	0.294118	0.094118					0.000000		0.094118	0.023529	0.023529	0.191176	-0.070588		0.023529		0.023529						0.047059	
mp:2017-08-15_09.00.00.Social.COM_ENM.ALU	ALU	2017-08-15T09:00:00.000Z	Social	2.2.19	490.9	0.034973	0.018334	-0.007130		0.006111	0.009421	0.004074	0.053982	0.021389	0.068242	0.006111	0.022408	0.138063	-0.007130		0.008148		0.026278	0.014260	-0.010185		-0.026482	-0.002037		
mp:2017-08-15_09.00.00.Social.COM_ENM.BIOF	BIOF	2017-08-15T09:00:00.000Z	Social	2.2.19	165.0	0.011755	0.384848	0.127273			0.018182		0.048485		0.042424	0.006061	0.024242	0.175758	0.048485		0.006061		0.036364		0.018182		-0.027273		0.000000	
mp:2017-08-15_09.00.00.Social.COM_ENM.COA	COA	2017-08-15T09:00:00.000Z	Social	2.2.19	1847.5	0.131621	-0.175372	-0.021110	0.014885	0.004871	-0.007172	0.079838	0.036806	0.019756	0.102030	0.025710	0.008660	0.164614	0.006495	0.002706	0.000541		0.025981	0.001083	-0.004871	0.023816	-0.006495	0.000541	0.003248	0.001083
mp:2017-08-15_09.00.00.Social.COM_ENM.CPPR	CPPR	2017-08-15T09:00:00.000Z	Social	2.2.19	301.5	0.021480	-0.076285	-0.013267	0.003317	0.009950	0.016584	0.013267	0.008292	0.009950	0.063018	0.009950	0.033167	0.153814	0.013267	0.009950	0.019900		0.034826		-0.003317		0.014925		0.006633	
mp:2017-08-15_09.00.00.Social.COM_ENM.CRU	CRU	2017-08-15T09:00:00.000Z	Social	2.2.19	2220.2	0.158173	-0.224304	-0.012611	0.008558	0.000901	0.003040	0.006981	0.011260	0.033105	0.079272	0.002027	0.018242	0.151146	0.004729	-0.000901	-0.002928	-0.002027	0.035222	0.001351	-0.000901	0.000901	-0.003153	-0.000450	0.001351	
mp:2017-08-15_09.00.00.Social.COM_ENM.BIOETH	BIOETH	2017-08-15T09:00:00.000Z	Social	2.2.19	100.9	0.007188	0.074331	0.004955			0.024777	0.019822	0.019822	0.019822	0.049554	0.009911		0.104311	-0.004955		0.000000		0.013875	0.009911	0.000000		-0.069376			
mp:2017-08-15_09.00.00.Social.COM_ENM.MOG	MOG	2017-08-15T09:00:00.000Z	Social	2.2.19	327.9	0.023361	0.009149	0.010674	0.001525		0.009912	0.003050	-0.006099	0.019823	0.042696	0.009149	0.007624	0.132739	0.009149		0.007624	-0.007624	0.027142		0.018298		0.009149			
mp:2017-08-15_09.00.00.Social.COM_ENM.GOL	GOL	2017-08-15T09:00:00.000Z	Social	2.2.19	3610.3	0.257208	-0.030191	0.020220	0.009417	0.033654	0.004847	0.019666	-0.009556	0.015927	0.054843	-0.012880	0.020635	0.157826	0.003739	-0.000554	0.005817	0.000554	0.034152	-0.000277	0.005540		-0.013711	-0.000554	0.007202	0.000831
mp:2017-08-15_09.00.00.Social.COM_ENM.HOIL	HOIL	2017-08-15T09:00:00.000Z	Social	2.2.19	9.0	0.000641	-0.666667						-0.111111			-0.111111		0.194444												
mp:2017-08-15_09.00.00.Social.COM_ENM.IRN	IRN	2017-08-15T09:00:00.000Z	Social	2.2.19	1116.7	0.079557	-0.232381	-0.005373	0.019701	0.006268	-0.001343	0.060446	0.038954	0.023731	0.085520	-0.002686	0.014776	0.135959	0.008955		0.000448	0.000895	0.033312	0.001791	-0.003582		0.011641	0.000000	0.000895	
mp:2017-08-15_09.00.00.Social.COM_ENM.LNG	LNG	2017-08-15T09:00:00.000Z	Social	2.2.19	174.2	0.012411	-0.074627	0.022962			0.004305		-0.017222	0.034443	0.017222	0.034443	0.022962	0.131745	0.028703	0.011481	-0.028703		0.024110		0.022962		0.028703		0.011481	
mp:2017-08-15_09.00.00.Social.COM_ENM.NAP	NAP	2017-08-15T09:00:00.000Z	Social	2.2.19	3.0	0.000214							-0.333333			-0.333333		0.083333												
mp:2017-08-15_09.00.00.Social.COM_ENM.NGS	NGS	2017-08-15T09:00:00.000Z	Social	2.2.19	762.7	0.054337	-0.107513	0.055068	0.005245	0.001311	0.002950	0.019011	0.016389	0.034089	0.048512	0.034089	0.021634	0.109578	0.009178	0.002622	-0.005245		0.026485	0.002622	0.045234	0.001311	-0.067523		0.003933	
mp:2017-08-15_09.00.00.Social.COM_ENM.NKL	NKL	2017-08-15T09:00:00.000Z	Social	2.2.19	268.5	0.019129	-0.044693	0.040968	0.014898	0.018622	0.004655	0.048417	0.033520	0.029795	0.083799	0.000000	0.033520	0.158287	0.005587	0.007449			0.022346		-0.016760		0.013035		0.011173	
mp:2017-08-15_09.00.00.Social.COM_ENM.NSEA	NSEA	2017-08-15T09:00:00.000Z	Social	2.2.19	72.0	0.005129	-0.319444	0.013889				0.055556	-0.083333			-0.111111	0.027778	0.138889	0.013889		-0.041667		0.027778				-0.041667			
mp:2017-08-15_09.00.00.Social.COM_ENM.PALL	PALL	2017-08-15T09:00:00.000Z	Social	2.2.19	16.5	0.001176	-0.242424							0.121212	0.060606	-0.181818		0.174242	-0.060606				0.030303							
mp:2017-08-15_09.00.00.Social.COM_ENM.PLAT	PLAT	2017-08-15T09:00:00.000Z	Social	2.2.19	224.5	0.015994	0.209354	0.042316		0.013363	0.018931	0.008909	-0.015590	0.022272	0.033408	-0.004454	0.011136	0.182071	0.044543				0.008909		0.008909		-0.006682			
mp:2017-08-15_09.00.00.Social.COM_ENM.RAREE	RAREE	2017-08-15T09:00:00.000Z	Social	2.2.19	139.0	0.009903	-0.215827	-0.028777				0.014388	0.043165		0.129496	0.028777	0.021583	-0.014388			0.021583		0.021583		-0.086331		0.251799			
mp:2017-08-15_09.00.00.Social.COM_ENM.SLVR	SLVR	2017-08-15T09:00:00.000Z	Social	2.2.19	595.1	0.042397	-0.081499	0.005881	0.006722	0.005041	0.005461	0.059654	0.003361	0.042010	0.043690	0.025206	0.008402	0.136154	0.015124	0.003361	0.006722	-0.001680	0.036801		-0.001680		-0.010923	0.006722	0.010082	
mp:2017-08-15_09.00.00.Social.COM_ENM.STEE	STEE	2017-08-15T09:00:00.000Z	Social	2.2.19	1511.1	0.107655	-0.149229	-0.042684	0.003971	0.001324	0.001820	0.023824	0.029118	0.020184	0.086361	0.018199	0.020515	0.152736	0.008603	0.001324	0.012574	0.000000	0.030177	0.003971	-0.003309	0.000662	0.008272	0.000662		
mp:2017-08-15_09.00.00.Social.COM_ENM.URAN	URAN	2017-08-15T09:00:00.000Z	Social	2.2.19	80.0	0.005699	-0.081250	0.025000			0.009375	0.062500	0.000000	0.125000	0.081250	-0.012500	0.056250	0.151562	-0.025000	-0.012500	0.037500		0.037500							