id	assetCode	windowTimestamp	dataType	systemVersion	buzz	relativeBuzz	sentiment	optimism	fear	joy	trust	violence	conflict	gloom	stress	timeUrgency	uncertainty	emotionVsFact	longShort	longShortForecast	priceDirection	priceForecast	volatility	consumptionVolume	productionVolume	regulatoryIssues	supplyVsDemand	supplyVsDemandForecast	newExploration	safetyAccident
mp:2017-08-15_17.00.00.News_Social.COM_ENM.ALU	ALU	2017-08-15T17:00:00.000Z	News_Social	2.2.19	1588.0	0.029330	-0.156486	-0.043451	0.005668	0.002519	-0.007872	0.013854	0.008816	0.037783	0.052267	0.024244	0.039358	0.172308	-0.001574		0.003149	-0.002519	0.023300	0.003778	0.000630		-0.023615	-0.000630		
mp:2017-08-15_17.00.00.News_Social.COM_ENM.BIOF	BIOF	2017-08-15T17:00:00.000Z	News_Social	2.2.19	299.0	0.005522	0.311037	0.100334			0.032609		-0.076923	0.016722	0.026756	-0.003344	0.020067	0.168896	0.026756	0.003344	0.003344		0.013378	0.010033	0.040134		-0.013378		0.000000	
mp:2017-08-15_17.00.00.News_Social.COM_ENM.COA	COA	2017-08-15T17:00:00.000Z	News_Social	2.2.19	3432.0	0.063388	-0.162587	-0.023601	0.010052	0.005245	-0.002987	0.042541	0.017628	0.031177	0.093386	0.010344	0.016171	0.155441	0.000146	0.001603	0.000583		0.027564	0.000874	-0.013112	0.016026	-0.020833	-0.000146	0.004808	0.000583
mp:2017-08-15_17.00.00.News_Social.COM_ENM.CPPR	CPPR	2017-08-15T17:00:00.000Z	News_Social	2.2.19	1718.8	0.031746	-0.138178	-0.001164	0.001745	0.008145	0.007636	0.007854	0.031126	0.018618	0.034908	-0.001164	0.025599	0.156505	0.005236	0.001164	0.051780		0.027345		-0.001745	0.003491	-0.013963		0.012800	
mp:2017-08-15_17.00.00.News_Social.COM_ENM.CRU	CRU	2017-08-15T17:00:00.000Z	News_Social	2.2.19	15422.4	0.284845	-0.294863	-0.011217	0.013617	0.001589	-0.000430	0.004539	-0.019582	0.047366	0.077582	-0.004182	0.008689	0.145668	0.001459	-0.000324	-0.002756	-0.000324	0.058311	0.000000	-0.002107	0.000908	0.000454	-0.001426	0.002075	0.000065
mp:2017-08-15_17.00.00.News_Social.COM_ENM.BIOETH	BIOETH	2017-08-15T17:00:00.000Z	News_Social	2.2.19	192.8	0.003561	0.093361	0.025934		0.020747	0.012967	0.010373	0.010373	0.031120	0.038900	0.005187	0.036307	0.120851	-0.002593		0.010373		0.035270	0.010373	0.051867		-0.041494			
mp:2017-08-15_17.00.00.News_Social.COM_ENM.MOG	MOG	2017-08-15T17:00:00.000Z	News_Social	2.2.19	2808.9	0.051879	-0.173021	0.001602	0.021005	0.000712	0.003916	0.025989	0.007120	0.046993	0.065506	-0.000356	0.017267	0.135044	0.009968	-0.000356	0.007476	0.006408	0.035957	0.000356	0.008366		0.025989	-0.001424	0.000712	
mp:2017-08-15_17.00.00.News_Social.COM_ENM.GOL	GOL	2017-08-15T17:00:00.000Z	News_Social	2.2.19	13509.3	0.249511	-0.187278	-0.006810	0.008883	0.006181	0.004700	0.023391	-0.006847	0.021652	0.082240	0.010548	0.026426	0.179517	0.005330	-0.000740	0.000259	0.000370	0.025886	0.000444	0.001814		-0.016063	-0.000888	0.009808	
mp:2017-08-15_17.00.00.News_Social.COM_ENM.HOIL	HOIL	2017-08-15T17:00:00.000Z	News_Social	2.2.19	150.2	0.002774	-0.259654				0.003329					0.053262		0.122836			-0.026631	0.039947	0.001332	-0.006658			0.079893			
mp:2017-08-15_17.00.00.News_Social.COM_ENM.IRN	IRN	2017-08-15T17:00:00.000Z	News_Social	2.2.19	3068.0	0.056665	-0.210235	0.007660	0.014505	0.002282	0.004074	0.034387	0.019068	0.034550	0.096643	0.001141	0.013038	0.150147	-0.015319		-0.016623		0.027086	0.000652	-0.015971		-0.018416	0.003259	0.001956	
mp:2017-08-15_17.00.00.News_Social.COM_ENM.JET	JET	2017-08-15T17:00:00.000Z	News_Social	2.2.19	186.2	0.003439	-0.214823						-0.053706		0.021482	0.064447	0.010741	0.051289			0.010741		0.009667				0.118153			
mp:2017-08-15_17.00.00.News_Social.COM_ENM.LNG	LNG	2017-08-15T17:00:00.000Z	News_Social	2.2.19	209.4	0.003868	-0.033429	0.019102			0.002388		-0.004776	0.038204	0.019102	0.033429	0.014327	0.113897	-0.004776	0.009551	-0.019102		0.025788		0.009551		0.033429	0.004776	0.009551	
mp:2017-08-15_17.00.00.News_Social.COM_ENM.NAP	NAP	2017-08-15T17:00:00.000Z	News_Social	2.2.19	47.0	0.000868	-0.127660							-0.021277	-0.042553			-0.132979					0.595745							
mp:2017-08-15_17.00.00.News_Social.COM_ENM.NGS	NGS	2017-08-15T17:00:00.000Z	News_Social	2.2.19	2376.3	0.043889	-0.106258	0.014308	0.002946	0.001262	0.002841	0.029247	0.003787	0.048184	0.093423	0.005892	0.024829	0.148193	0.005681	0.001262	-0.000421		0.044691	0.018095	0.017885		0.000210	0.000421	0.011783	
mp:2017-08-15_17.00.00.News_Social.COM_ENM.NKL	NKL	2017-08-15T17:00:00.000Z	News_Social	2.2.19	628.2	0.011603	-0.324737	-0.014327		0.003184	0.002388	0.006367	0.000000	0.050939	0.074817	0.002388	0.022286	0.142590	0.000000				0.017829		-0.008755		0.037408		0.004776	
mp:2017-08-15_17.00.00.News_Social.COM_ENM.NSEA	NSEA	2017-08-15T17:00:00.000Z	News_Social	2.2.19	1088.7	0.020108	-0.380270	-0.025719	0.005511			0.007348	-0.059704	0.052356	0.060623	-0.055112	0.007348	0.152544	-0.004593		0.011941		0.073207		-0.000919		0.016533	0.007348	0.000919	
mp:2017-08-15_17.00.00.News_Social.COM_ENM.PALL	PALL	2017-08-15T17:00:00.000Z	News_Social	2.2.19	133.0	0.002456	-0.187970	0.037594					0.022556	0.015038	0.007519	-0.022556	0.007519	0.193609	-0.007519				0.037594		0.060150					
mp:2017-08-15_17.00.00.News_Social.COM_ENM.PLAT	PLAT	2017-08-15T17:00:00.000Z	News_Social	2.2.19	551.5	0.010186	-0.313690	-0.006346		0.014506	0.007253	0.014506	0.023572	0.019946	0.030825	0.012693	0.015413	0.206482	0.019946		0.001813		0.009066		0.005440		-0.004533		0.001813	
mp:2017-08-15_17.00.00.News_Social.COM_ENM.RAREE	RAREE	2017-08-15T17:00:00.000Z	News_Social	2.2.19	159.0	0.002937	-0.078616	-0.025157			0.009434	0.062893	-0.047170		0.100629	0.000000	0.088050	0.113208			0.069182		0.056604		-0.044025		-0.050314	-0.037736		
mp:2017-08-15_17.00.00.News_Social.COM_ENM.SLVR	SLVR	2017-08-15T17:00:00.000Z	News_Social	2.2.19	1859.6	0.034346	-0.093300	0.000000	0.003227	0.003227	0.003361	0.035760	-0.003495	0.028501	0.039525	-0.004033	0.043289	0.154119	-0.010755	0.000538	0.004571	0.000000	0.036352	0.000538	0.001076		-0.007797	0.002151	0.019897	
mp:2017-08-15_17.00.00.News_Social.COM_ENM.STEE	STEE	2017-08-15T17:00:00.000Z	News_Social	2.2.19	4573.3	0.084467	-0.148689	-0.019570	0.020554	0.001312	0.004647	0.018805	-0.001749	0.040562	0.071611	0.012682	0.017493	0.165805	-0.004920	0.000656	0.011370	0.000000	0.025430	0.001093	0.010605	0.002187	0.005904	-0.000547		
mp:2017-08-15_17.00.00.News_Social.COM_ENM.URAN	URAN	2017-08-15T17:00:00.000Z	News_Social	2.2.19	141.5	0.002613	-0.148410	0.010601			0.007067	0.042403	-0.014134	0.021201	0.091873	0.007067	0.007067	0.173145	-0.042403	-0.007067	0.021201		0.003534						0.014134	
mp:2017-08-15_17.00.00.News.COM_ENM.ALU	ALU	2017-08-15T17:00:00.000Z	News	2.2.19	1190.0	0.027582	-0.202101	-0.047479	0.007563	0.001681	-0.012395	0.013445	-0.000420	0.042437	0.048319	0.027311	0.045378	0.169013	0.000000		0.005882		0.027311		0.000840		-0.026891	-0.000840		
mp:2017-08-15_17.00.00.News.COM_ENM.BIOF	BIOF	2017-08-15T17:00:00.000Z	News	2.2.19	201.0	0.004659	0.223881	0.089552			0.039801		-0.139303	0.024876	0.014925	-0.004975	0.009950	0.154229	0.000000	0.004975			0.019900	0.014925	0.054726					
mp:2017-08-15_17.00.00.News.COM_ENM.COA	COA	2017-08-15T17:00:00.000Z	News	2.2.19	2060.0	0.047747	-0.167718	-0.026456	0.003398	0.008252	-0.000485	0.033738	0.003398	0.035922	0.083252	-0.008981	0.019417	0.147379	-0.001456	0.000485	-0.000485		0.028932	0.000485	-0.015049	0.008252	-0.027913	-0.000971	0.004612	
mp:2017-08-15_17.00.00.News.COM_ENM.CPPR	CPPR	2017-08-15T17:00:00.000Z	News	2.2.19	1406.8	0.032607	-0.162425	-0.000711	0.002132	0.004265	0.008175	0.002488	0.032698	0.020614	0.035542	-0.006753	0.028433	0.156916	0.004976		0.056156		0.027367		0.001066	0.004265	-0.012440		0.012795	
mp:2017-08-15_17.00.00.News.COM_ENM.CRU	CRU	2017-08-15T17:00:00.000Z	News	2.2.19	13658.4	0.316576	-0.303110	-0.009994	0.014277	0.001208	-0.000604	0.003404	-0.021928	0.047260	0.076912	-0.003441	0.008127	0.144594	0.001977	0.000000	-0.002855	-0.000183	0.061266	0.000073	-0.002965	0.000879	-0.000842	-0.001318	0.002123	
mp:2017-08-15_17.00.00.News.COM_ENM.BIOETH	BIOETH	2017-08-15T17:00:00.000Z	News	2.2.19	112.3	0.002603	0.013357	0.040071		0.035619		0.017809	0.017809	0.062333	0.031167	0.008905	0.062333	0.130677			0.008905		0.060552	0.008905	0.071238		-0.008905			
mp:2017-08-15_17.00.00.News.COM_ENM.MOG	MOG	2017-08-15T17:00:00.000Z	News	2.2.19	2453.9	0.056877	-0.194792	0.002038	0.023636	0.000815	0.003260	0.028934	0.009780	0.048902	0.067240	-0.001223	0.018134	0.134408	0.010595		0.007335	0.008150	0.035046	0.000408	0.004890		0.028526	-0.000815	0.000408	
mp:2017-08-15_17.00.00.News.COM_ENM.GOL	GOL	2017-08-15T17:00:00.000Z	News	2.2.19	10726.6	0.248622	-0.215026	-0.009509	0.009369	0.004009	0.003706	0.022747	-0.007738	0.022188	0.087912	0.008204	0.027642	0.184432	0.003682	-0.001398	-0.000559	0.000373	0.023913	0.000559	0.002657		-0.016454	-0.001305	0.010628	
mp:2017-08-15_17.00.00.News.COM_ENM.HOIL	HOIL	2017-08-15T17:00:00.000Z	News	2.2.19	140.2	0.003250	-0.249643									0.057061		0.113766			-0.028531	0.042796	0.001427	-0.007133			0.085592			
mp:2017-08-15_17.00.00.News.COM_ENM.IRN	IRN	2017-08-15T17:00:00.000Z	News	2.2.19	2431.0	0.056346	-0.211641	0.006787	0.016660	0.001645	0.003497	0.033731	0.015837	0.037433	0.105512	0.001028	0.012958	0.152674	-0.020156		-0.019951		0.019786		-0.018922		-0.015837	0.004114	0.002057	
mp:2017-08-15_17.00.00.News.COM_ENM.JET	JET	2017-08-15T17:00:00.000Z	News	2.2.19	186.2	0.004316	-0.214823						-0.053706		0.021482	0.064447	0.010741	0.051289			0.010741		0.009667				0.118153			
mp:2017-08-15_17.00.00.News.COM_ENM.LNG	LNG	2017-08-15T17:00:00.000Z	News	2.2.19	27.2	0.000630	0.110294						0.110294		0.036765	0.036765		0.079044	-0.257353		0.036765		0.007353							
mp:2017-08-15_17.00.00.News.COM_ENM.NAP	NAP	2017-08-15T17:00:00.000Z	News	2.2.19	47.0	0.001089	-0.127660							-0.021277	-0.042553			-0.132979					0.595745							
mp:2017-08-15_17.00.00.News.COM_ENM.NGS	NGS	2017-08-15T17:00:00.000Z	News	2.2.19	1774.4	0.041127	-0.094680	0.005636	0.001691	0.001127	0.003241	0.032687	-0.001409	0.049876	0.103697	0.004790	0.020289	0.153672	0.002536	0.000564	0.001127		0.043564	0.020289	0.019725		-0.003945		0.014089	
mp:2017-08-15_17.00.00.News.COM_ENM.NKL	NKL	2017-08-15T17:00:00.000Z	News	2.2.19	408.7	0.009473	-0.436751	-0.048936				0.007340	-0.014681	0.061170	0.085637	0.014681		0.116406	0.002447				0.017617		-0.014681		0.063616			
mp:2017-08-15_17.00.00.News.COM_ENM.NSEA	NSEA	2017-08-15T17:00:00.000Z	News	2.2.19	1009.7	0.023403	-0.369417	-0.027731	0.005942			0.003962	-0.058433	0.056452	0.059424	-0.052491	0.004952	0.147890	-0.004952		0.012875		0.078934		-0.000990		0.017827	0.007923	0.000990	
mp:2017-08-15_17.00.00.News.COM_ENM.PALL	PALL	2017-08-15T17:00:00.000Z	News	2.2.19	91.0	0.002109	-0.395604	0.054945					0.032967					0.222527					0.054945							
mp:2017-08-15_17.00.00.News.COM_ENM.PLAT	PLAT	2017-08-15T17:00:00.000Z	News	2.2.19	275.0	0.006374	-0.403636	-0.047273		0.021818	0.002727	0.029091	0.040000	0.029091	0.025455	0.014545	0.018182	0.224545			0.003636		0.010909		0.003636		-0.003636		0.003636	
mp:2017-08-15_17.00.00.News.COM_ENM.RAREE	RAREE	2017-08-15T17:00:00.000Z	News	2.2.19	109.0	0.002526	-0.041284	-0.055046			0.009174	0.073394	-0.087156		0.146789	-0.009174	0.055046	0.133028					0.027523		-0.064220		-0.073394	-0.055046		
mp:2017-08-15_17.00.00.News.COM_ENM.SLVR	SLVR	2017-08-15T17:00:00.000Z	News	2.2.19	1387.6	0.032162	-0.130081	-0.001802	0.002162		0.001802	0.027025	-0.004684	0.028827	0.043600	-0.012612	0.057654	0.163844	-0.022341		0.000000	0.000721	0.036466	0.000721	0.002883		-0.007927		0.023061	
mp:2017-08-15_17.00.00.News.COM_ENM.STEE	STEE	2017-08-15T17:00:00.000Z	News	2.2.19	3383.2	0.078416	-0.146607	-0.007981	0.024976	0.001182	0.006503	0.017144	-0.011084	0.045076	0.067096	0.009606	0.013744	0.164038	-0.007685	0.000296	0.010641	0.001182	0.026809	-0.000296	0.015222	0.002365	0.010197	-0.001626		
mp:2017-08-15_17.00.00.News.COM_ENM.URAN	URAN	2017-08-15T17:00:00.000Z	News	2.2.19	65.0	0.001507	-0.153846	0.046154				0.046154	0.030769		0.076923	0.046154	0.030769	0.192308	-0.046154		0.015385								0.030769	
mp:2017-08-15_17.00.00.Social.COM_ENM.ALU	ALU	2017-08-15T17:00:00.000Z	Social	2.2.19	398.0	0.036185	-0.020101	-0.031407		0.005025	0.005653	0.015075	0.036432	0.023869	0.064070	0.015075	0.021357	0.182161	-0.006281		-0.005025	-0.010050	0.011307	0.015075	0.000000		-0.013819			
mp:2017-08-15_17.00.00.Social.COM_ENM.BIOF	BIOF	2017-08-15T17:00:00.000Z	Social	2.2.19	98.0	0.008910	0.489796	0.122449			0.017857		0.051020		0.051020		0.040816	0.198980	0.081633		0.010204				0.010204		-0.040816		0.000000	
mp:2017-08-15_17.00.00.Social.COM_ENM.COA	COA	2017-08-15T17:00:00.000Z	Social	2.2.19	1372.0	0.124740	-0.154883	-0.019315	0.020044	0.000729	-0.006742	0.055758	0.038994	0.024052	0.108601	0.039359	0.011297	0.167547	0.002551	0.003280	0.002187		0.025510	0.001458	-0.010204	0.027697	-0.010204	0.001093	0.005102	0.001458
mp:2017-08-15_17.00.00.Social.COM_ENM.CPPR	CPPR	2017-08-15T17:00:00.000Z	Social	2.2.19	312.0	0.028366	-0.028846	-0.003205		0.025641	0.005208	0.032051	0.024038	0.009615	0.032051	0.024038	0.012821	0.154647	0.006410	0.006410	0.032051		0.027244		-0.014423		-0.020833		0.012821	
mp:2017-08-15_17.00.00.Social.COM_ENM.CRU	CRU	2017-08-15T17:00:00.000Z	Social	2.2.19	1764.0	0.160380	-0.231009	-0.020692	0.008503	0.004535	0.000921	0.013322	-0.001417	0.048186	0.082766	-0.009921	0.013039	0.153982	-0.002551	-0.002834	-0.001984	-0.001417	0.035431	-0.000567	0.004535	0.001134	0.010488	-0.002268	0.001701	0.000567
mp:2017-08-15_17.00.00.Social.COM_ENM.BIOETH	BIOETH	2017-08-15T17:00:00.000Z	Social	2.2.19	80.5	0.007319	0.204969	0.006211			0.031056		0.000000	-0.012422	0.049689			0.107143	-0.006211		0.012422			0.012422	0.024845		-0.086957			
mp:2017-08-15_17.00.00.Social.COM_ENM.MOG	MOG	2017-08-15T17:00:00.000Z	Social	2.2.19	355.0	0.032276	-0.022535	-0.001408	0.002817		0.008451	0.005634	-0.011268	0.033803	0.053521	0.005634	0.011268	0.139437	0.005634	-0.002817	0.008451	-0.005634	0.042254		0.032394		0.008451	-0.005634	0.002817	
mp:2017-08-15_17.00.00.Social.COM_ENM.GOL	GOL	2017-08-15T17:00:00.000Z	Social	2.2.19	2782.7	0.252998	-0.080318	0.003594	0.007008	0.014554	0.008535	0.025874	-0.003414	0.019585	0.060373	0.019585	0.021741	0.160572	0.011679	0.001797	0.003414	0.000359	0.033493	0.000000	-0.001437		-0.014554	0.000719	0.006648	
mp:2017-08-15_17.00.00.Social.COM_ENM.HOIL	HOIL	2017-08-15T17:00:00.000Z	Social	2.2.19	10.0	0.000909	-0.400000				0.050000							0.250000												
mp:2017-08-15_17.00.00.Social.COM_ENM.IRN	IRN	2017-08-15T17:00:00.000Z	Social	2.2.19	637.0	0.057915	-0.204867	0.010989	0.006279	0.004710	0.006279	0.036892	0.031397	0.023548	0.062794	0.001570	0.013344	0.140502	0.003140		-0.003925		0.054945	0.003140	-0.004710		-0.028257		0.001570	
mp:2017-08-15_17.00.00.Social.COM_ENM.LNG	LNG	2017-08-15T17:00:00.000Z	Social	2.2.19	182.2	0.016565	-0.054885	0.021954			0.002744		-0.021954	0.043908	0.016465	0.032931	0.016465	0.119100	0.032931	0.010977	-0.027442		0.028540		0.010977		0.038419	0.005488	0.010977	
mp:2017-08-15_17.00.00.Social.COM_ENM.NGS	NGS	2017-08-15T17:00:00.000Z	Social	2.2.19	601.9	0.054724	-0.140389	0.039874	0.006646	0.001661	0.001661	0.019106	0.019106	0.043197	0.063133	0.009138	0.038212	0.132040	0.014953	0.003323	-0.004984		0.048015	0.011630	0.012461		0.012461	0.001661	0.004984	
mp:2017-08-15_17.00.00.Social.COM_ENM.NKL	NKL	2017-08-15T17:00:00.000Z	Social	2.2.19	219.5	0.019957	-0.116173	0.050114		0.009112	0.006834	0.004556	0.027335	0.031891	0.054670	-0.020501	0.063781	0.191344	-0.004556				0.018223		0.002278		-0.011390		0.013667	
mp:2017-08-15_17.00.00.Social.COM_ENM.NSEA	NSEA	2017-08-15T17:00:00.000Z	Social	2.2.19	79.0	0.007183	-0.518987					0.050633	-0.075949		0.075949	-0.088608	0.037975	0.212025												
mp:2017-08-15_17.00.00.Social.COM_ENM.PALL	PALL	2017-08-15T17:00:00.000Z	Social	2.2.19	42.0	0.003819	0.261905							0.047619	0.023810	-0.071429	0.023810	0.130952	-0.023810						0.190476					
mp:2017-08-15_17.00.00.Social.COM_ENM.PLAT	PLAT	2017-08-15T17:00:00.000Z	Social	2.2.19	276.5	0.025139	-0.224231	0.034358		0.007233	0.011754		0.007233	0.010850	0.036166	0.010850	0.012658	0.188517	0.039783				0.007233		0.007233		-0.005425			
mp:2017-08-15_17.00.00.Social.COM_ENM.RAREE	RAREE	2017-08-15T17:00:00.000Z	Social	2.2.19	50.0	0.004546	-0.160000	0.040000			0.010000	0.040000	0.040000			0.020000	0.160000	0.070000			0.220000		0.120000							
mp:2017-08-15_17.00.00.Social.COM_ENM.SLVR	SLVR	2017-08-15T17:00:00.000Z	Social	2.2.19	472.0	0.042913	0.014831	0.005297	0.006356	0.012712	0.007945	0.061441	0.000000	0.027542	0.027542	0.021186	0.001059	0.125530	0.023305	0.002119	0.018008	-0.002119	0.036017	0.000000	-0.004237		-0.007415	0.008475	0.010593	
mp:2017-08-15_17.00.00.Social.COM_ENM.STEE	STEE	2017-08-15T17:00:00.000Z	Social	2.2.19	1190.1	0.108202	-0.154609	-0.052517	0.007983	0.001681	-0.000630	0.023527	0.024788	0.027729	0.084447	0.021427	0.028149	0.170826	0.002941	0.001681	0.013444	-0.003361	0.021511	0.005042	-0.002521	0.001681	-0.006302	0.002521		
mp:2017-08-15_17.00.00.Social.COM_ENM.URAN	URAN	2017-08-15T17:00:00.000Z	Social	2.2.19	76.5	0.006955	-0.143791	-0.019608			0.013072	0.039216	-0.052288	0.039216	0.104575	-0.026144	-0.013072	0.156863	-0.039216	-0.013072	0.026144		0.006536							