id	assetCode	windowTimestamp	dataType	systemVersion	buzz	relativeBuzz	sentiment	optimism	fear	joy	trust	violence	conflict	gloom	stress	timeUrgency	uncertainty	emotionVsFact	longShort	longShortForecast	priceDirection	priceForecast	volatility	consumptionVolume	productionVolume	regulatoryIssues	supplyVsDemand	supplyVsDemandForecast	acreageCultivated	agDisease	subsidies	subsidiesSentiment	weatherDamage
mp:2017-08-16_01.00.00.News.COM_AGR.CTTL	CTTL	2017-08-16T01:00:00.000Z	News	2.2.19	1040.4	0.096467	-0.106690	0.000000	0.004806	0.004806	-0.002643	0.037966	0.025952	0.015379	0.086025	0.012495	0.005767	0.115244	0.016340		0.003845	0.001922	0.048923		0.019223	0.017301	-0.007689		0.004325	0.001922			
mp:2017-08-16_01.00.00.News.COM_AGR.COC	COC	2017-08-16T01:00:00.000Z	News	2.2.19	676.2	0.062698	-0.292813	0.017746	0.032535			0.005915	0.005915	0.011831	0.122745			0.110840	0.004437	0.011831	-0.029577		0.037267				0.076900		-0.004437				
mp:2017-08-16_01.00.00.News.COM_AGR.COF	COF	2017-08-16T01:00:00.000Z	News	2.2.19	606.5	0.056236	-0.190437	-0.008244	0.006595	0.003298	0.001237	0.011542	-0.031327	0.016488	0.075845	0.019786	0.008244	0.156843	0.008244	0.013190	-0.013190		0.039571	0.000000	0.004946		0.013190		-0.003298	0.001649			0.003298
mp:2017-08-16_01.00.00.News.COM_AGR.COR	COR	2017-08-16T01:00:00.000Z	News	2.2.19	1588.7	0.147306	-0.074589	0.025807	0.003777	0.001888	0.001731	0.029584	-0.008812	0.010701	0.040599	-0.003777	0.032102	0.088484	-0.008183		-0.008812	0.001259	0.038522		-0.003777		0.056335	0.000000	-0.012589				0.005665
mp:2017-08-16_01.00.00.News.COM_AGR.COT	COT	2017-08-16T01:00:00.000Z	News	2.2.19	249.0	0.023088	-0.226908	-0.040161	0.004016		-0.008032	0.008032	0.012048	0.008032	0.136546	-0.032129	0.008032	0.211847	0.004016		-0.004016				0.012048		0.008032		-0.002008				
mp:2017-08-16_01.00.00.News.COM_AGR.HOGS	HOGS	2017-08-16T01:00:00.000Z	News	2.2.19	20.0	0.001854	0.400000											-0.050000			0.100000						0.300000						
mp:2017-08-16_01.00.00.News.COM_AGR.ORJ	ORJ	2017-08-16T01:00:00.000Z	News	2.2.19	6.0	0.000556	1.000000											0.250000															
mp:2017-08-16_01.00.00.News.COM_AGR.POIL	POIL	2017-08-16T01:00:00.000Z	News	2.2.19	527.0	0.048864	-0.159393	-0.026565			0.023719	0.077799	0.005693	0.083491	0.100569			0.123814	0.022770	-0.001898	0.007590		0.034156		0.015180		-0.032258	-0.001898					
mp:2017-08-16_01.00.00.News.COM_AGR.RICE1	RICE1	2017-08-16T01:00:00.000Z	News	2.2.19	869.3	0.080603	-0.220867	-0.031059	0.001150		-0.012654	0.019556	0.038537	0.023007	0.032785	0.010353	0.041413	0.118918	0.017255				0.012309		0.014955		-0.019556		0.003451	0.002301	0.009203		0.049465
mp:2017-08-16_01.00.00.News.COM_AGR.SOY1	SOY1	2017-08-16T01:00:00.000Z	News	2.2.19	1516.4	0.140603	-0.242680	-0.001319	0.000659	0.000659	0.004122	0.028027	-0.002308	0.015497	0.034621	0.003627	0.019784	0.072557	-0.002968		-0.022092	-0.000659	0.036204	-0.000989	0.014838		0.109140	0.002638	0.000659	0.002638			0.002638
mp:2017-08-16_01.00.00.News.COM_AGR.SUG	SUG	2017-08-16T01:00:00.000Z	News	2.2.19	1834.5	0.170097	-0.188062	-0.009267	0.017989	0.000545	-0.000750	0.071954	0.053966	0.055056	0.082311	0.047424	0.003816	0.166735	-0.007632		0.002180		0.015808		-0.000545		0.015263		0.010902		0.002180		0.013628
mp:2017-08-16_01.00.00.News.COM_AGR.WHT	WHT	2017-08-16T01:00:00.000Z	News	2.2.19	1851.0	0.171627	-0.207726	-0.008374	0.005943	0.001621	-0.002431	0.009184	0.008374	0.012966	0.050243	-0.013776	0.077796	0.124689	0.014317	-0.000540	-0.005943	-0.001621	0.022150		-0.004862		0.023501	0.005402	-0.001621		0.008644		0.000540
mp:2017-08-16_01.00.00.News_Social.COM_AGR.CTTL	CTTL	2017-08-16T01:00:00.000Z	News_Social	2.2.19	1223.6	0.096701	-0.098889	0.003269	0.004904	0.007355	-0.001635	0.042906	0.023701	0.014711	0.084586	0.010624	0.005721	0.112864	0.015528		0.004086	0.001635	0.052386		0.013893	0.014711	-0.009807		0.005312	0.002452			0.000817
mp:2017-08-16_01.00.00.News_Social.COM_AGR.COC	COC	2017-08-16T01:00:00.000Z	News_Social	2.2.19	747.1	0.059043	-0.261009	0.016062	0.029447		0.004016	0.005354	0.008031	0.010708	0.112435	0.009370		0.113071	0.004016	0.010708	-0.025432		0.034266		0.001339		0.079641		-0.012047				
mp:2017-08-16_01.00.00.News_Social.COM_AGR.COF	COF	2017-08-16T01:00:00.000Z	News_Social	2.2.19	766.5	0.060577	-0.123940	0.001305	0.005219	0.015656	0.001305	0.013046	-0.035225	0.016308	0.062622	0.031311	0.016960	0.157697	0.014351	0.010437	-0.010437		0.037834	0.000000	0.007828		0.013046	0.002609	-0.002609	0.001305			0.014351
mp:2017-08-16_01.00.00.News_Social.COM_AGR.COR	COR	2017-08-16T01:00:00.000Z	News_Social	2.2.19	1851.6	0.146332	-0.053737	0.022683	0.003240	0.004321	0.001620	0.025383	-0.017282	0.009451	0.045096	0.004861	0.031324	0.092677	-0.007021		-0.007561	0.001080	0.040289		0.000000		0.049957	0.000000	-0.006481	0.001080			0.012422
mp:2017-08-16_01.00.00.News_Social.COM_AGR.COT	COT	2017-08-16T01:00:00.000Z	News_Social	2.2.19	525.0	0.041491	-0.097143	-0.017143	0.001905	0.002857	-0.007619	0.003810	-0.013333	0.013333	0.085714	-0.021905	0.022857	0.207143	-0.003810		0.003810		0.003810		0.015238		0.007619	0.003810	-0.000952				0.005714
mp:2017-08-16_01.00.00.News_Social.COM_AGR.HOGS	HOGS	2017-08-16T01:00:00.000Z	News_Social	2.2.19	31.5	0.002489	0.269841	0.031746				0.063492			-0.015873			-0.059524	-0.063492		0.063492		0.047619				0.190476						
mp:2017-08-16_01.00.00.News_Social.COM_AGR.ORJ	ORJ	2017-08-16T01:00:00.000Z	News_Social	2.2.19	6.0	0.000474	1.000000											0.250000															
mp:2017-08-16_01.00.00.News_Social.COM_AGR.POIL	POIL	2017-08-16T01:00:00.000Z	News_Social	2.2.19	553.0	0.043704	-0.132007	-0.014467			0.027125	0.074141	0.005425	0.079566	0.095841			0.127939	0.021700	-0.001808	0.007233		0.034358		0.021700		-0.027125	-0.001808					
mp:2017-08-16_01.00.00.News_Social.COM_AGR.RICE1	RICE1	2017-08-16T01:00:00.000Z	News_Social	2.2.19	994.8	0.078619	-0.209590	-0.028146	0.001005		-0.009550	0.024125	0.037696	0.020105	0.029654	0.011057	0.036188	0.108816	0.014073	-0.001005			0.012766		0.013068		-0.009047		0.003016	0.003016	0.008042		0.065340
mp:2017-08-16_01.00.00.News_Social.COM_AGR.SOY1	SOY1	2017-08-16T01:00:00.000Z	News_Social	2.2.19	1922.2	0.151912	-0.216419	-0.003121	0.003121	0.000780	0.003382	0.021850	-0.011185	0.021070	0.041099	0.003382	0.018208	0.065459	-0.002341	-0.001040	-0.022370	-0.001040	0.046145	-0.000260	0.019769		0.099365	0.012486	0.005202	0.003121	0.003121		0.002601
mp:2017-08-16_01.00.00.News_Social.COM_AGR.SUG	SUG	2017-08-16T01:00:00.000Z	News_Social	2.2.19	2042.1	0.161387	-0.151560	-0.007345	0.016160	0.003918	0.000428	0.065619	0.050928	0.058273	0.087410	0.042603	0.004652	0.171894	-0.005876		0.001959		0.015131		-0.000490		0.014201		0.009794	0.001959	0.001959		0.013222
mp:2017-08-16_01.00.00.News_Social.COM_AGR.WHT	WHT	2017-08-16T01:00:00.000Z	News_Social	2.2.19	1990.0	0.157270	-0.201759	-0.006784	0.005528	0.002010	-0.002764	0.011558	0.005779	0.013065	0.051256	-0.010804	0.073869	0.126910	0.013317	-0.000503	-0.005528	-0.001508	0.023618		-0.004523		0.020854	0.005025	-0.002513	0.002513	0.008040		0.001508
mp:2017-08-16_01.00.00.Social.COM_AGR.CTTL	CTTL	2017-08-16T01:00:00.000Z	Social	2.2.19	183.2	0.098052	-0.054585	0.021834	0.005459	0.021834	0.004094	0.070961	0.010917	0.010917	0.076419	0.000000	0.005459	0.099345	0.010917		0.005459		0.072052		-0.016376		-0.021834		0.010917	0.005459			0.005459
mp:2017-08-16_01.00.00.Social.COM_AGR.COC	COC	2017-08-16T01:00:00.000Z	Social	2.2.19	70.9	0.037947	0.042313				0.042313		0.028209		0.014104	0.098731		0.134344			0.014104		0.005642		0.014104		0.105783		-0.084626				
mp:2017-08-16_01.00.00.Social.COM_AGR.COF	COF	2017-08-16T01:00:00.000Z	Social	2.2.19	160.0	0.085635	0.128125	0.037500		0.062500	0.001563	0.018750	-0.050000	0.015625	0.012500	0.075000	0.050000	0.160937	0.037500				0.031250		0.018750		0.012500	0.012500					0.056250
mp:2017-08-16_01.00.00.Social.COM_AGR.COR	COR	2017-08-16T01:00:00.000Z	Social	2.2.19	262.9	0.140709	0.072271	0.003804	0.000000	0.019019	0.000951		-0.068467	0.001902	0.072271	0.057056	0.026626	0.118011					0.050970		0.022822		0.011411		0.030430	0.007607			0.053252
mp:2017-08-16_01.00.00.Social.COM_AGR.COT	COT	2017-08-16T01:00:00.000Z	Social	2.2.19	276.0	0.147720	0.019928	0.003623		0.005435	-0.007246		-0.036232	0.018116	0.039855	-0.012681	0.036232	0.202899	-0.010870		0.010870		0.007246		0.018116		0.007246	0.007246					0.010870
mp:2017-08-16_01.00.00.Social.COM_AGR.HOGS	HOGS	2017-08-16T01:00:00.000Z	Social	2.2.19	11.5	0.006155	0.043478	0.086957				0.173913			-0.043478			-0.076087	-0.173913				0.130435										
mp:2017-08-16_01.00.00.Social.COM_AGR.POIL	POIL	2017-08-16T01:00:00.000Z	Social	2.2.19	26.0	0.013916	0.423077	0.230769			0.096154							0.211538					0.038462		0.153846		0.076923						
mp:2017-08-16_01.00.00.Social.COM_AGR.RICE1	RICE1	2017-08-16T01:00:00.000Z	Social	2.2.19	125.5	0.067170	-0.131474	-0.007968			0.011952	0.055777	0.031873	0.000000	0.007968	0.015936		0.038845	-0.007968	-0.007968			0.015936				0.063745			0.007968			0.175299
mp:2017-08-16_01.00.00.Social.COM_AGR.SOY1	SOY1	2017-08-16T01:00:00.000Z	Social	2.2.19	405.8	0.217191	-0.118285	-0.009857	0.012321	0.001232	0.000616	-0.001232	-0.044357	0.041893	0.065303	0.002464	0.012321	0.038935	0.000000	-0.004929	-0.023411	-0.002464	0.083292	0.002464	0.038196		0.062839	0.049285	0.022178	0.004929	0.014786		0.002464
mp:2017-08-16_01.00.00.Social.COM_AGR.SUG	SUG	2017-08-16T01:00:00.000Z	Social	2.2.19	207.6	0.111111	0.171002	0.009634		0.033719	0.010838	0.009634	0.024085	0.086705	0.132466	0.000000	0.012042	0.217486	0.009634				0.009152				0.004817			0.019268			0.009634
mp:2017-08-16_01.00.00.Social.COM_AGR.WHT	WHT	2017-08-16T01:00:00.000Z	Social	2.2.19	139.0	0.074395	-0.122302	0.014388		0.007194	-0.007194	0.043165	-0.028777	0.014388	0.064748	0.028777	0.021583	0.156475					0.043165				-0.014388		-0.014388	0.035971			0.014388