id	assetCode	windowTimestamp	dataType	systemVersion	buzz	relativeBuzz	sentiment	optimism	fear	joy	trust	violence	conflict	gloom	stress	timeUrgency	uncertainty	emotionVsFact	longShort	longShortForecast	priceDirection	priceForecast	volatility	consumptionVolume	productionVolume	regulatoryIssues	supplyVsDemand	supplyVsDemandForecast	acreageCultivated	agDisease	subsidies	subsidiesSentiment	weatherDamage
mp:2017-08-10_10.00.00.News.COM_AGR.CTTL	CTTL	2017-08-10T10:00:00.000Z	News	2.2.18	1092.5	0.107113	-0.176659	-0.004577	0.003661	0.008696	0.003776	0.044851	0.000458	0.032952	0.064531	0.009611	0.008696	0.125858	-0.017849	0.000915	-0.032952		0.025629	0.000458	0.007323	-0.000915	0.006407		0.007323	0.001831			
mp:2017-08-10_10.00.00.News.COM_AGR.COC	COC	2017-08-10T10:00:00.000Z	News	2.2.18	919.0	0.090102	-0.417301	-0.001088	-0.000544			0.007073	-0.008161	0.074538	0.046790	-0.035909	0.002720	0.084331	0.004353	0.004353	-0.030468	-0.004353	0.013058	-0.004353	-0.005441		0.105550	0.021763					0.003264
mp:2017-08-10_10.00.00.News.COM_AGR.COF	COF	2017-08-10T10:00:00.000Z	News	2.2.18	848.0	0.083141	-0.237618	-0.001179	0.014151	0.003538	-0.000147	0.033019	0.010613	0.009434	0.035377	-0.035377	0.004717	0.163915	-0.009434		0.020047		0.016509	0.001179	0.004717		-0.012972	-0.001179	0.003538				0.001179
mp:2017-08-10_10.00.00.News.COM_AGR.COR	COR	2017-08-10T10:00:00.000Z	News	2.2.18	1030.6	0.101044	-0.115952	-0.104308	0.009703	0.000970	0.003639	0.012129	-0.040268	0.013584	0.034931	-0.020376	0.034931	0.131816	-0.002426		0.023287		0.013196		-0.026198		-0.011159	0.000000	-0.005822				0.022317
mp:2017-08-10_10.00.00.News.COM_AGR.COT	COT	2017-08-10T10:00:00.000Z	News	2.2.18	626.0	0.061376	-0.078275	-0.015974	0.015974	0.001597	0.002796	0.033546	0.006390	0.070288	0.066294	0.019169	0.011182	0.049042	0.005591		0.000000		0.028754		0.043131		0.025559	0.022364	0.001597	0.001597			0.009585
mp:2017-08-10_10.00.00.News.COM_AGR.HOGS	HOGS	2017-08-10T10:00:00.000Z	News	2.2.18	62.0	0.006079	-0.225806				0.016129							-0.008065	0.048387		-0.064516		0.129032				0.096774						
mp:2017-08-10_10.00.00.News.COM_AGR.ORJ	ORJ	2017-08-10T10:00:00.000Z	News	2.2.18	72.0	0.007059	-0.291667					0.041667	0.083333	0.208333	0.166667			0.125000					0.083333										0.125000
mp:2017-08-10_10.00.00.News.COM_AGR.POIL	POIL	2017-08-10T10:00:00.000Z	News	2.2.18	916.2	0.089828	-0.051299	-0.041476	0.014189	0.005457	-0.001637	0.053482	-0.001091	0.015281	0.065488	-0.021829	0.021829	0.112912	0.003274		0.002183	-0.004366	0.024231		0.033835		0.045842	0.012006	0.031652	0.002183			
mp:2017-08-10_10.00.00.News.COM_AGR.RICE1	RICE1	2017-08-10T10:00:00.000Z	News	2.2.18	716.0	0.070200	-0.055168	-0.050279		0.002793	0.000349	0.011173	-0.002793	0.013268	0.064944	0.005587	0.037709	0.110684	0.025838		0.000000		0.016061	-0.030726	0.018156		-0.000698	-0.005587	0.006983		0.032123	0.008380	
mp:2017-08-10_10.00.00.News.COM_AGR.SOY1	SOY1	2017-08-10T10:00:00.000Z	News	2.2.18	997.2	0.097769	-0.036602	-0.044124	0.007020		0.008775	0.020056	-0.017549	0.015042	0.022563	-0.028580	0.041115	0.120914	-0.004011	0.001003	0.014541		0.033293		0.003008		0.029081	0.009025	0.001003	0.001003			
mp:2017-08-10_10.00.00.News.COM_AGR.SUG	SUG	2017-08-10T10:00:00.000Z	News	2.2.18	962.5	0.094367	-0.070649	0.009351	0.005714	0.007792	0.002078	0.007273	-0.002597	0.047792	0.058701	0.005714	0.009870	0.157403	-0.004156	0.001039	-0.002597		0.037403	0.001039	0.005714		0.002078	-0.004156	0.002078		-0.001039		0.002078
mp:2017-08-10_10.00.00.News.COM_AGR.WHT	WHT	2017-08-10T10:00:00.000Z	News	2.2.18	1957.5	0.191921	-0.114176	-0.007663	0.008685		-0.000639	0.009195	-0.021456	0.028097	0.056450	-0.034483	0.066411	0.132886	0.008174	0.001533	0.000766		0.023499	-0.001533	-0.007407		0.021456	0.002043	0.008174				0.006130
mp:2017-08-10_10.00.00.News_Social.COM_AGR.CTTL	CTTL	2017-08-10T10:00:00.000Z	News_Social	2.2.18	1277.0	0.103734	-0.158966	-0.007831	0.005482	0.008222	0.002447	0.043461	0.003524	0.030540	0.064605	0.010180	0.011746	0.129111	-0.014487	0.000783	-0.028191		0.037588	0.000392	0.006265	-0.000783	0.003915		0.007831	0.001566			
mp:2017-08-10_10.00.00.News_Social.COM_AGR.COC	COC	2017-08-10T10:00:00.000Z	News_Social	2.2.18	1068.0	0.086757	-0.333801	0.000000	0.002341	0.003745		0.015449	-0.001404	0.069757	0.042135	-0.027154	0.002341	0.091760	0.000936	0.003745	-0.026217	-0.003745	0.014045	-0.003745	-0.002809		0.090824	0.018727	0.002809	0.005618			0.002809
mp:2017-08-10_10.00.00.News_Social.COM_AGR.COF	COF	2017-08-10T10:00:00.000Z	News_Social	2.2.18	1177.5	0.095652	-0.165180	0.005096	0.010191	0.005096	0.004352	0.028875	0.019958	0.007643	0.038217	-0.023355	0.011040	0.146072	0.021231	0.018684	0.014437		0.015287	0.002548	0.002548		-0.013588	-0.001699	0.002548				0.003397
mp:2017-08-10_10.00.00.News_Social.COM_AGR.COR	COR	2017-08-10T10:00:00.000Z	News_Social	2.2.18	1221.6	0.099234	-0.099869	-0.097004	0.009005	0.004093	0.003172	0.011870	-0.039293	0.013916	0.032744	-0.013098	0.029470	0.122872	0.000409		0.020465		0.011952		-0.020465		-0.006139	-0.001637	-0.009005				0.034790
mp:2017-08-10_10.00.00.News_Social.COM_AGR.COT	COT	2017-08-10T10:00:00.000Z	News_Social	2.2.18	995.0	0.080827	-0.058794	0.003015	0.011055	0.007035	0.003015	0.026131	0.011055	0.059799	0.060804	0.014573	0.015075	0.091910	0.012060	0.001508	0.002010		0.029146	0.004020	0.026633		0.013568	0.010050	-0.001005	0.001005			0.007035
mp:2017-08-10_10.00.00.News_Social.COM_AGR.HOGS	HOGS	2017-08-10T10:00:00.000Z	News_Social	2.2.18	112.0	0.009098	-0.312500	0.008929			0.008929	0.017857		0.053571	0.071429			0.071429	0.053571		-0.035714		0.098214				0.053571						
mp:2017-08-10_10.00.00.News_Social.COM_AGR.ORJ	ORJ	2017-08-10T10:00:00.000Z	News_Social	2.2.18	72.0	0.005849	-0.291667					0.041667	0.083333	0.208333	0.166667			0.125000					0.083333										0.125000
mp:2017-08-10_10.00.00.News_Social.COM_AGR.POIL	POIL	2017-08-10T10:00:00.000Z	News_Social	2.2.18	919.2	0.074669	-0.051131	-0.041340	0.014143	0.005440	-0.001632	0.053307	-0.001088	0.015231	0.065274	-0.021758	0.021758	0.111728	0.006527		0.002176	-0.004352	0.024151		0.033725		0.045692	0.011967	0.031549	0.002176			
mp:2017-08-10_10.00.00.News_Social.COM_AGR.RICE1	RICE1	2017-08-10T10:00:00.000Z	News_Social	2.2.18	1107.5	0.089965	-0.022122	-0.015350		0.009029	0.001354	0.016253	0.005869	0.013995	0.056885	0.020767	0.025282	0.117269	0.024831		0.000903		0.026185	-0.020767	0.019865		0.003160	-0.001806	0.012641		0.025282	0.006321	0.002709
mp:2017-08-10_10.00.00.News_Social.COM_AGR.SOY1	SOY1	2017-08-10T10:00:00.000Z	News_Social	2.2.18	1124.5	0.091346	-0.030680	-0.048021	0.007114		0.008559	0.021343	-0.013784	0.015118	0.029791	-0.028902	0.038239	0.125389	-0.003557	0.000889	0.012895		0.031125		0.002668	0.000889	0.027568	0.008004	0.000889	0.000889			0.003557
mp:2017-08-10_10.00.00.News_Social.COM_AGR.SUG	SUG	2017-08-10T10:00:00.000Z	News_Social	2.2.18	1150.5	0.093458	-0.061712	0.011299	0.004781	0.016080	0.002173	0.006953	0.001304	0.046936	0.068231	0.007388	0.011734	0.162538	-0.003477	0.000869	-0.005650		0.039983	0.000869	0.005650		-0.000869	-0.003477	0.003477		-0.000869		0.001738
mp:2017-08-10_10.00.00.News_Social.COM_AGR.WHT	WHT	2017-08-10T10:00:00.000Z	News_Social	2.2.18	2085.5	0.169411	-0.119636	-0.007193	0.009111		-0.000599	0.010309	-0.019660	0.029729	0.053944	-0.031407	0.062095	0.129645	0.006234	0.001439	-0.000240		0.023496	-0.001439	-0.007432		0.021098	0.000959	0.005754				0.005754
mp:2017-08-10_10.00.00.Social.COM_AGR.CTTL	CTTL	2017-08-10T10:00:00.000Z	Social	2.2.18	184.5	0.087408	-0.054201	-0.027100	0.016260	0.005420	-0.005420	0.035230	0.021680	0.016260	0.065041	0.013550	0.029810	0.148374	0.005420				0.108401		0.000000		-0.010840		0.010840				
mp:2017-08-10_10.00.00.Social.COM_AGR.COC	COC	2017-08-10T10:00:00.000Z	Social	2.2.18	149.0	0.070589	0.181208	0.006711	0.020134	0.026846		0.067114	0.040268	0.040268	0.013423	0.026846		0.137584	-0.020134				0.020134		0.013423				0.020134	0.040268			
mp:2017-08-10_10.00.00.Social.COM_AGR.COF	COF	2017-08-10T10:00:00.000Z	Social	2.2.18	329.5	0.156102	0.021244	0.021244		0.009105	0.015933	0.018209	0.044006	0.003035	0.045524	0.007587	0.027314	0.100152	0.100152	0.066768			0.012140	0.006070	-0.003035		-0.015175	-0.003035					0.009105
mp:2017-08-10_10.00.00.Social.COM_AGR.COR	COR	2017-08-10T10:00:00.000Z	Social	2.2.18	191.0	0.090487	-0.013089	-0.057592	0.005236	0.020942	0.000654	0.010471	-0.034031	0.015707	0.020942	0.026178		0.074607	0.015707		0.005236		0.005236		0.010471		0.020942	-0.010471	-0.026178				0.102094
mp:2017-08-10_10.00.00.Social.COM_AGR.COT	COT	2017-08-10T10:00:00.000Z	Social	2.2.18	369.0	0.174815	-0.025745	0.035230	0.002710	0.016260	0.003388	0.013550	0.018970	0.042005	0.051491	0.006775	0.021680	0.164634	0.023035	0.004065	0.005420		0.029810	0.010840	-0.001355		-0.006775	-0.010840	-0.005420				0.002710
mp:2017-08-10_10.00.00.Social.COM_AGR.HOGS	HOGS	2017-08-10T10:00:00.000Z	Social	2.2.18	50.0	0.023688	-0.420000	0.020000				0.040000		0.120000	0.160000			0.170000	0.060000				0.060000										
mp:2017-08-10_10.00.00.Social.COM_AGR.POIL	POIL	2017-08-10T10:00:00.000Z	Social	2.2.18	3.0	0.001421	0.000000					0.000000						-0.250000	1.000000														
mp:2017-08-10_10.00.00.Social.COM_AGR.RICE1	RICE1	2017-08-10T10:00:00.000Z	Social	2.2.18	391.5	0.185475	0.038314	0.048531		0.020434	0.003193	0.025543	0.021711	0.015326	0.042146	0.048531	0.002554	0.129310	0.022989		0.002554		0.044700	-0.002554	0.022989		0.010217	0.005109	0.022989		0.012771	0.002554	0.007663
mp:2017-08-10_10.00.00.Social.COM_AGR.SOY1	SOY1	2017-08-10T10:00:00.000Z	Social	2.2.18	127.3	0.060309	0.015711	-0.078555	0.007855		0.006874	0.031422	0.015711	0.015711	0.086410	-0.031422	0.015711	0.160448					0.014140		0.000000	0.007855	0.015711		0.000000				0.031422
mp:2017-08-10_10.00.00.Social.COM_AGR.SUG	SUG	2017-08-10T10:00:00.000Z	Social	2.2.18	188.0	0.089066	-0.015957	0.021277		0.058511	0.002660	0.005319	0.021277	0.042553	0.117021	0.015957	0.021277	0.188830			-0.021277		0.053191		0.005319		-0.015957		0.010638				
mp:2017-08-10_10.00.00.Social.COM_AGR.WHT	WHT	2017-08-10T10:00:00.000Z	Social	2.2.18	128.0	0.060641	-0.203125		0.015625		0.000000	0.027344	0.007813	0.054688	0.015625	0.015625	-0.003906	0.080078	-0.023438		-0.015625		0.023437		-0.007813		0.015625	-0.015625	-0.031250				