id	assetCode	windowTimestamp	dataType	systemVersion	buzz	relativeBuzz	sentiment	optimism	fear	joy	trust	violence	conflict	gloom	stress	timeUrgency	uncertainty	emotionVsFact	longShort	longShortForecast	priceDirection	priceForecast	volatility	consumptionVolume	productionVolume	regulatoryIssues	supplyVsDemand	supplyVsDemandForecast	acreageCultivated	agDisease	subsidies	subsidiesSentiment	weatherDamage
mp:2017-08-11_13.00.00.News.COM_AGR.CTTL	CTTL	2017-08-11T13:00:00.000Z	News	2.2.18	1365.1	0.114243	-0.184968	-0.041755	0.010988	0.003663	-0.005677	0.078383	0.035162	0.000733	0.054941	0.010256	0.008791	0.108582	0.008791		0.004395		0.024980	-0.000733	-0.002930	0.000733	0.009889		0.004395	0.000733			0.001465
mp:2017-08-11_13.00.00.News.COM_AGR.COC	COC	2017-08-11T13:00:00.000Z	News	2.2.18	203.0	0.016989	-0.812808						0.029557	0.024631	0.049261	-0.004926		0.215517			-0.004926								0.004926				
mp:2017-08-11_13.00.00.News.COM_AGR.COF	COF	2017-08-11T13:00:00.000Z	News	2.2.18	342.5	0.028663	-0.305109	0.023358	0.007299	0.017518	0.002920		-0.026277	0.017518	0.055474	0.008759	0.002920	0.190876	-0.013139		0.005839		0.029197		0.005839		-0.020438		0.002920				
mp:2017-08-11_13.00.00.News.COM_AGR.COR	COR	2017-08-11T13:00:00.000Z	News	2.2.18	2471.5	0.206836	-0.238519	-0.050779	0.011329	0.000405	-0.003186	0.008497	-0.008295	0.038641	0.062108	0.021849	0.018005	0.098645	-0.003642	0.000000	-0.021040	-0.004855	0.049080	0.001214	0.021849		0.028525	0.013352	0.002832	0.013959			0.007688
mp:2017-08-11_13.00.00.News.COM_AGR.COT	COT	2017-08-11T13:00:00.000Z	News	2.2.18	1118.8	0.093630	-0.101895	-0.019664	0.002681	0.002681	-0.010055	0.028602	0.013407	0.016536	0.071952	0.002681	0.001788	0.126564	-0.014301		0.003575		0.027798	0.000894	0.007151		0.016089	0.000894	0.016089	0.016536			0.004469
mp:2017-08-11_13.00.00.News.COM_AGR.HOGS	HOGS	2017-08-11T13:00:00.000Z	News	2.2.18	64.0	0.005356	-0.359375					0.109375	0.031250		0.062500			0.007813			0.000000						-0.062500	-0.125000					
mp:2017-08-11_13.00.00.News.COM_AGR.ORJ	ORJ	2017-08-11T13:00:00.000Z	News	2.2.18	22.0	0.001841	-0.136364									-0.045455		-0.193182					0.318182		0.409091		0.090909	0.090909					
mp:2017-08-11_13.00.00.News.COM_AGR.POIL	POIL	2017-08-11T13:00:00.000Z	News	2.2.18	498.0	0.041677	-0.022088	0.022088	0.008032		0.006024	0.020080	0.006024	0.040161	0.070281	-0.020080		0.117470	-0.026104		-0.006024	-0.006024	0.016064		0.020080		0.040161	0.020080					
mp:2017-08-11_13.00.00.News.COM_AGR.RICE1	RICE1	2017-08-11T13:00:00.000Z	News	2.2.18	721.0	0.060339	-0.088766	0.006241	0.001387	0.006241	-0.001040	0.021498	0.033981	0.027739	0.074202	0.010402	0.027046	0.116331	-0.002774		-0.001387	-0.002774	0.033981		0.011096		-0.008322	-0.002774	0.002774		0.013870	0.006935	0.057559
mp:2017-08-11_13.00.00.News.COM_AGR.SOY1	SOY1	2017-08-11T13:00:00.000Z	News	2.2.18	1641.8	0.137399	-0.216531	-0.004264	0.006091	0.000609	0.001827	0.006091	-0.018882	0.042941	0.045377	0.017054	0.014009	0.102281	0.000609		-0.030454	-0.006091	0.042819	0.001827	0.035936		0.044159	0.008832	-0.005482	0.001523			0.001218
mp:2017-08-11_13.00.00.News.COM_AGR.SUG	SUG	2017-08-11T13:00:00.000Z	News	2.2.18	1148.1	0.096083	-0.154168	0.039195	0.006968	0.001742	-0.003484	0.006097	-0.004355	0.024388	0.072293	0.010888	0.007839	0.136508	-0.011323		0.005226		0.031879		0.003920		0.036147	0.033098	0.000871				0.001742
mp:2017-08-11_13.00.00.News.COM_AGR.WHT	WHT	2017-08-11T13:00:00.000Z	News	2.2.18	2353.3	0.196944	-0.245400	-0.017210	0.006799	0.000425	0.000212	0.006799	0.001700	0.025071	0.069902	-0.027833	0.056516	0.141015	0.023159	0.001700	-0.010623		0.017337		0.003399		0.013598	0.014448	-0.000850				0.001912
mp:2017-08-11_13.00.00.Social.COM_AGR.CTTL	CTTL	2017-08-11T13:00:00.000Z	Social	2.2.18	354.0	0.159646	-0.177966	-0.026836		0.005650	0.002825	0.115819	0.024011	0.022599	0.028249	0.022599	0.018362	0.100706	-0.005650	0.005650	-0.011299		0.074859		0.011299		0.028249		-0.005650				
mp:2017-08-11_13.00.00.Social.COM_AGR.COC	COC	2017-08-11T13:00:00.000Z	Social	2.2.18	2.5	0.001127	-0.200000	-0.200000										-0.150000	-0.200000				0.400000										
mp:2017-08-11_13.00.00.Social.COM_AGR.COF	COF	2017-08-11T13:00:00.000Z	Social	2.2.18	218.5	0.098539	0.011442	0.041190			0.009153	0.013730	0.029748		0.032037	-0.029748	0.009153	0.084211	0.027460	0.022883	0.004577	0.004577	0.022426		0.018307		0.036613			-0.002288			0.077803
mp:2017-08-11_13.00.00.Social.COM_AGR.COR	COR	2017-08-11T13:00:00.000Z	Social	2.2.18	411.6	0.185623	-0.253887	-0.024295	0.009718	0.004859	0.001822	0.017007	0.026725	0.027940	0.041302	0.009718	0.019436	0.048530	0.004859	-0.002430	-0.004859		0.091351		0.015792		0.065598		-0.004859				0.065598
mp:2017-08-11_13.00.00.Social.COM_AGR.COT	COT	2017-08-11T13:00:00.000Z	Social	2.2.18	223.0	0.100568	-0.257848	-0.040359			0.006726	0.031390	0.013453	0.044843	0.071749	-0.022422	0.040359	0.137892	-0.004484				0.017937		-0.017937		-0.044843		-0.011211	0.017937			
mp:2017-08-11_13.00.00.Social.COM_AGR.HOGS	HOGS	2017-08-11T13:00:00.000Z	Social	2.2.18	44.0	0.019843	-0.250000	-0.136364				0.136364	-0.045455	0.022727	0.068182	-0.022727		0.176136							0.000000								
mp:2017-08-11_13.00.00.Social.COM_AGR.POIL	POIL	2017-08-11T13:00:00.000Z	Social	2.2.18	64.0	0.028863	-0.281250				-0.015625	0.140625	0.046875		0.078125	-0.015625		0.125000	0.015625				0.031250			0.031250	0.015625						0.031250
mp:2017-08-11_13.00.00.Social.COM_AGR.RICE1	RICE1	2017-08-11T13:00:00.000Z	Social	2.2.18	269.0	0.121313	-0.100372	0.022305			0.004647	0.055762	0.104089	0.011152	0.079926	0.040892	0.011152	0.130112	0.022305		0.003717		0.029740		0.000000		-0.009294		0.011152	0.066914	0.018587	0.003717	0.014870
mp:2017-08-11_13.00.00.Social.COM_AGR.SOY1	SOY1	2017-08-11T13:00:00.000Z	Social	2.2.18	82.3	0.037116	-0.261239		0.024301		0.012151		0.024301	0.048603	0.078979		0.024301	0.099332			-0.024301		0.009721		-0.012151		-0.066829		0.012151				
mp:2017-08-11_13.00.00.Social.COM_AGR.SUG	SUG	2017-08-11T13:00:00.000Z	Social	2.2.18	365.5	0.164833	-0.086183	0.021888	0.008208	0.005472	-0.004788	0.005472	0.047880	0.049248	0.091655	0.024624	0.024624	0.172025	-0.002736		-0.010944		0.065663		0.008208		0.008208		0.005472				0.013680
mp:2017-08-11_13.00.00.Social.COM_AGR.WHT	WHT	2017-08-11T13:00:00.000Z	Social	2.2.18	183.0	0.082529	-0.158470	0.021858			0.009563	0.005464	0.032787	0.005464	0.065574	0.027322	0.010929	0.112022	0.005464		-0.010929		0.021858	-0.005464	0.016393		0.098361		0.016393	0.021858			
mp:2017-08-11_13.00.00.News_Social.COM_AGR.CTTL	CTTL	2017-08-11T13:00:00.000Z	News_Social	2.2.18	1719.1	0.121350	-0.183526	-0.038683	0.008725	0.004072	-0.003926	0.086092	0.032866	0.005235	0.049444	0.012797	0.010761	0.106960	0.005817	0.001163	0.001163		0.035251	-0.000582	0.000000	0.000582	0.013670		0.002327	0.000582			0.001163
mp:2017-08-11_13.00.00.News_Social.COM_AGR.COC	COC	2017-08-11T13:00:00.000Z	News_Social	2.2.18	205.5	0.014506	-0.805353	-0.002433					0.029197	0.024331	0.048662	-0.004866		0.211071	-0.002433		-0.004866		0.004866						0.004866				
mp:2017-08-11_13.00.00.News_Social.COM_AGR.COF	COF	2017-08-11T13:00:00.000Z	News_Social	2.2.18	561.0	0.039600	-0.181818	0.030303	0.004456	0.010695	0.005348	0.005348	-0.004456	0.010695	0.046346	-0.006239	0.005348	0.149332	0.002674	0.008913	0.005348	0.001783	0.026560		0.010695		0.001783		0.001783	-0.000891			0.030303
mp:2017-08-11_13.00.00.News_Social.COM_AGR.COR	COR	2017-08-11T13:00:00.000Z	News_Social	2.2.18	2883.1	0.203515	-0.240713	-0.046998	0.011099	0.001041	-0.002471	0.009712	-0.003295	0.037113	0.059138	0.020117	0.018210	0.091490	-0.002428	-0.000347	-0.018730	-0.004162	0.055114	0.001041	0.020984		0.033818	0.011446	0.001734	0.011966			0.015955
mp:2017-08-11_13.00.00.News_Social.COM_AGR.COT	COT	2017-08-11T13:00:00.000Z	News_Social	2.2.18	1341.8	0.094716	-0.127813	-0.023103	0.002236	0.002236	-0.007266	0.029065	0.013415	0.021240	0.071918	-0.001491	0.008198	0.128447	-0.012670		0.002981		0.026159	0.000745	0.002981		0.005962	0.000745	0.011552	0.016769			0.003726
mp:2017-08-11_13.00.00.News_Social.COM_AGR.HOGS	HOGS	2017-08-11T13:00:00.000Z	News_Social	2.2.18	108.0	0.007624	-0.314815	-0.055556				0.120370	0.000000	0.009259	0.064815	-0.009259		0.076389			0.000000				0.000000		-0.037037	-0.074074					
mp:2017-08-11_13.00.00.News_Social.COM_AGR.ORJ	ORJ	2017-08-11T13:00:00.000Z	News_Social	2.2.18	22.0	0.001553	-0.136364									-0.045455		-0.193182					0.318182		0.409091		0.090909	0.090909					
mp:2017-08-11_13.00.00.News_Social.COM_AGR.POIL	POIL	2017-08-11T13:00:00.000Z	News_Social	2.2.18	562.0	0.039671	-0.051601	0.019573	0.007117		0.003559	0.033808	0.010676	0.035587	0.071174	-0.019573		0.118327	-0.021352		-0.005338	-0.005338	0.017794		0.017794	0.003559	0.037367	0.017794					0.003559
mp:2017-08-11_13.00.00.News_Social.COM_AGR.RICE1	RICE1	2017-08-11T13:00:00.000Z	News_Social	2.2.18	990.0	0.069883	-0.091919	0.010606	0.001010	0.004545	0.000505	0.030808	0.053030	0.023232	0.075758	0.018687	0.022727	0.120076	0.004040		0.000000	-0.002020	0.032828		0.008081		-0.008586	-0.002020	0.005051	0.018182	0.015152	0.006061	0.045960
mp:2017-08-11_13.00.00.News_Social.COM_AGR.SOY1	SOY1	2017-08-11T13:00:00.000Z	News_Social	2.2.18	1724.1	0.121703	-0.218665	-0.004060	0.006960	0.000580	0.002320	0.005800	-0.016820	0.043211	0.046981	0.016240	0.014500	0.102140	0.000580		-0.030161	-0.005800	0.041239	0.001740	0.033641		0.038861	0.008410	-0.004640	0.001450			0.001160
mp:2017-08-11_13.00.00.News_Social.COM_AGR.SUG	SUG	2017-08-11T13:00:00.000Z	News_Social	2.2.18	1513.6	0.106844	-0.137751	0.035016	0.007267	0.002643	-0.003799	0.005946	0.008258	0.030391	0.076969	0.014205	0.011892	0.145085	-0.009249		0.001321		0.040037		0.004955		0.029400	0.025106	0.001982				0.004625
mp:2017-08-11_13.00.00.News_Social.COM_AGR.WHT	WHT	2017-08-11T13:00:00.000Z	News_Social	2.2.18	2536.3	0.179035	-0.239128	-0.014391	0.006308	0.000394	0.000887	0.006703	0.003943	0.023657	0.069590	-0.023854	0.053227	0.138923	0.021882	0.001577	-0.010645		0.017664	-0.000394	0.004337		0.019714	0.013405	0.000394	0.001577			0.001774