id	assetCode	windowTimestamp	dataType	systemVersion	buzz	relativeBuzz	sentiment	optimism	fear	joy	trust	violence	conflict	gloom	stress	timeUrgency	uncertainty	emotionVsFact	longShort	longShortForecast	priceDirection	priceForecast	volatility	consumptionVolume	productionVolume	regulatoryIssues	supplyVsDemand	supplyVsDemandForecast	newExploration	safetyAccident
mp:2017-08-15_23.00.00.News_Social.COM_ENM.ALU	ALU	2017-08-15T23:00:00.000Z	News_Social	2.2.19	1466.9	0.029265	-0.166337	-0.043289	0.004772	0.001363	-0.009885	0.021133	-0.002386	0.036471	0.043629	0.022496	0.040221	0.177432	0.000341	0.000682	0.003409	-0.002727	0.022428	0.002727	0.002045		-0.016361	-0.000682		
mp:2017-08-15_23.00.00.News_Social.COM_ENM.BIOF	BIOF	2017-08-15T23:00:00.000Z	News_Social	2.2.19	210.9	0.004208	0.208630	0.094832			0.030820	0.009483	-0.104315	0.014225	0.018966	-0.009483	0.004742	0.153035	-0.021337				0.035088	0.014225	0.052157		0.018966			
mp:2017-08-15_23.00.00.News_Social.COM_ENM.COA	COA	2017-08-15T23:00:00.000Z	News_Social	2.2.19	2939.2	0.058638	-0.143236	-0.009697	0.003913	0.007145	0.000723	0.034703	0.004763	0.027899	0.081145	-0.001531	0.022285	0.155918	-0.001701	-0.000340	0.002211		0.029736	0.000680	-0.006464	0.006464	-0.016671	-0.001361	0.004253	0.000340
mp:2017-08-15_23.00.00.News_Social.COM_ENM.CPPR	CPPR	2017-08-15T23:00:00.000Z	News_Social	2.2.19	1840.3	0.036715	-0.121176	0.000000	0.002174	0.004891	0.004483	0.008966	0.017388	0.016302	0.040483	-0.019562	0.012498	0.131568	0.004891	0.001630	0.052165	0.000000	0.028528		-0.018747	0.003260	-0.041569	-0.001630	0.012498	
mp:2017-08-15_23.00.00.News_Social.COM_ENM.CRU	CRU	2017-08-15T23:00:00.000Z	News_Social	2.2.19	13007.7	0.259508	-0.314199	-0.010801	0.009379	0.001576	0.000817	0.006150	-0.026984	0.060195	0.071189	-0.010071	0.009302	0.143058	0.001768	-0.000461	-0.003344	-0.000346	0.050324	0.000000	-0.001614	0.000308	-0.005151	-0.001384	0.002153	0.000077
mp:2017-08-15_23.00.00.News_Social.COM_ENM.BIOETH	BIOETH	2017-08-15T23:00:00.000Z	News_Social	2.2.19	243.2	0.004852	-0.039062	0.016447		0.004112	0.010280	0.018503	0.010280	0.016447	0.071957	0.008224	0.028783	0.101562	0.024671		0.004112		0.054276	0.004112	0.049342		-0.032895			
mp:2017-08-15_23.00.00.News_Social.COM_ENM.MOG	MOG	2017-08-15T23:00:00.000Z	News_Social	2.2.19	2844.9	0.056757	-0.147984	0.002988	0.027417	0.000352	0.008348	0.023199	0.001406	0.055186	0.058702	-0.002109	0.023375	0.148257	0.007557	-0.000703	0.008085	0.006327	0.036100	0.000352	0.007206		0.027769	-0.001758	0.000703	
mp:2017-08-15_23.00.00.News_Social.COM_ENM.GOL	GOL	2017-08-15T23:00:00.000Z	News_Social	2.2.19	12716.6	0.253700	-0.198717	-0.011442	0.008689	0.005819	0.003322	0.020878	-0.006016	0.024613	0.086973	0.007431	0.023788	0.180520	0.009083	-0.000590	0.000826	0.000315	0.027405	0.000393	0.001376		-0.018047	-0.000826	0.007864	
mp:2017-08-15_23.00.00.News_Social.COM_ENM.HOIL	HOIL	2017-08-15T23:00:00.000Z	News_Social	2.2.19	142.2	0.002837	-0.274262				0.003516					0.028129		0.115682			0.000000	0.042194	0.001406	-0.007032			0.084388			
mp:2017-08-15_23.00.00.News_Social.COM_ENM.IRN	IRN	2017-08-15T23:00:00.000Z	News_Social	2.2.19	2726.3	0.054391	-0.221179	-0.006969	0.011187	0.001651	0.003393	0.032278	0.015405	0.046400	0.078311	-0.002384	0.012288	0.155458	-0.011004		-0.020724	-0.000734	0.025272	-0.000367	-0.015405		-0.018156	0.003301	0.001834	
mp:2017-08-15_23.00.00.News_Social.COM_ENM.JET	JET	2017-08-15T23:00:00.000Z	News_Social	2.2.19	201.2	0.004014	-0.188867	0.024851					-0.049702		0.019881	0.059642	0.009940	0.061133			0.009940		0.013917				0.104374			
mp:2017-08-15_23.00.00.News_Social.COM_ENM.LNG	LNG	2017-08-15T23:00:00.000Z	News_Social	2.2.19	220.6	0.004401	-0.083862	-0.018132			0.002267		0.027199	0.036265	0.038531	0.108794	0.009066	0.144152	0.000000	0.009066	-0.013599		0.020852		0.009066		0.022665	0.004533	0.009066	
mp:2017-08-15_23.00.00.News_Social.COM_ENM.NAP	NAP	2017-08-15T23:00:00.000Z	News_Social	2.2.19	48.0	0.000958	-0.125000						-0.020833	-0.020833	-0.041667			-0.125000					0.583333							
mp:2017-08-15_23.00.00.News_Social.COM_ENM.NGS	NGS	2017-08-15T23:00:00.000Z	News_Social	2.2.19	2348.3	0.046849	-0.096666	-0.000426	0.002555	0.001278	0.002129	0.027467	-0.001916	0.043436	0.102415	0.018737	0.024699	0.149842	0.008091	0.000852	0.001278		0.042925	0.021292	0.016395		0.004471	-0.000426	0.012775	
mp:2017-08-15_23.00.00.News_Social.COM_ENM.NKL	NKL	2017-08-15T23:00:00.000Z	News_Social	2.2.19	633.7	0.012643	-0.353480	-0.014202		0.001578	0.002367	0.006312	0.000789	0.050497	0.072590	-0.000789	0.023671	0.144311	0.001578	0.001578			0.019252		-0.007101		0.051286		0.003156	
mp:2017-08-15_23.00.00.News_Social.COM_ENM.NSEA	NSEA	2017-08-15T23:00:00.000Z	News_Social	2.2.19	1191.7	0.023775	-0.432995	-0.021818	0.005035			0.005035	-0.059579	0.047831	0.064614	-0.037761	0.006713	0.153415	-0.002517		-0.002517		0.066879		-0.000839		0.015104	0.006713		
mp:2017-08-15_23.00.00.News_Social.COM_ENM.PALL	PALL	2017-08-15T23:00:00.000Z	News_Social	2.2.19	139.0	0.002773	-0.230216	0.035971					0.021583	0.014388	0.007194	-0.021583	0.007194	0.192446	0.000000				0.035971		0.057554					
mp:2017-08-15_23.00.00.News_Social.COM_ENM.PLAT	PLAT	2017-08-15T23:00:00.000Z	News_Social	2.2.19	579.3	0.011557	-0.270154	0.017262		0.015536	0.003452	0.018988	0.025893	0.027620	0.039703	0.008631	0.025893	0.200975	0.022441		0.001726		0.015191		0.001726		-0.001726			
mp:2017-08-15_23.00.00.News_Social.COM_ENM.RAREE	RAREE	2017-08-15T23:00:00.000Z	News_Social	2.2.19	180.0	0.003591	0.025000	0.000000			0.013889	0.055556	-0.041667		0.088889	0.011111	0.077778	0.134722			0.061111		0.050000		-0.038889		-0.044444	-0.033333		
mp:2017-08-15_23.00.00.News_Social.COM_ENM.SLVR	SLVR	2017-08-15T23:00:00.000Z	News_Social	2.2.19	1846.8	0.036844	-0.066602	-0.004061	0.001624	0.003790	0.003790	0.046026	0.001895	0.034655	0.044401	0.023013	0.039528	0.148541	0.002437	0.002707	0.005415	0.001624	0.058588	0.001083	0.000541		0.005686	0.001083	0.016244	
mp:2017-08-15_23.00.00.News_Social.COM_ENM.STEE	STEE	2017-08-15T23:00:00.000Z	News_Social	2.2.19	4461.2	0.089002	-0.173384	-0.022976	0.018157	0.001121	0.007173	0.027123	-0.000560	0.043710	0.068816	0.015915	0.017260	0.164272	-0.003474	0.000448	0.007397	0.000000	0.024814	0.000224	0.012441	0.002690	0.005043	-0.001457		
mp:2017-08-15_23.00.00.News_Social.COM_ENM.URAN	URAN	2017-08-15T23:00:00.000Z	News_Social	2.2.19	136.5	0.002723	-0.168498	0.003663			0.005495	0.051282	0.003663	0.021978	0.084249	-0.014652	0.000000	0.170330	-0.036630	-0.007326	0.014652		0.003663						0.007326	
mp:2017-08-15_23.00.00.News.COM_ENM.ALU	ALU	2017-08-15T23:00:00.000Z	News	2.2.19	1160.9	0.028698	-0.195107	-0.043931	0.006030	0.001723	-0.010983	0.016367	0.000861	0.040917	0.042209	0.028426	0.045654	0.174024	0.000000		0.004307		0.028340		0.001723		-0.018089	-0.000861		
mp:2017-08-15_23.00.00.News.COM_ENM.BIOF	BIOF	2017-08-15T23:00:00.000Z	News	2.2.19	200.9	0.004966	0.209059	0.089597			0.032354	0.009955	-0.114485	0.014933	0.019910	-0.009955	0.004978	0.155674	-0.022399				0.021901	0.014933	0.054754		0.019910			
mp:2017-08-15_23.00.00.News.COM_ENM.COA	COA	2017-08-15T23:00:00.000Z	News	2.2.19	2064.2	0.051027	-0.155750	-0.016713	0.003391	0.008720	0.000121	0.027371	-0.001211	0.032943	0.080903	-0.008962	0.022769	0.155339	-0.002907		0.001453		0.028776	0.000484	-0.014049	0.008236	-0.023496	-0.000969	0.004602	
mp:2017-08-15_23.00.00.News.COM_ENM.CPPR	CPPR	2017-08-15T23:00:00.000Z	News	2.2.19	1537.8	0.038014	-0.139160	-0.004227	0.002601	0.000650	0.004715	0.006178	0.017558	0.017558	0.039667	-0.023735	0.010404	0.124691	0.003902		0.055924	0.000000	0.028937		-0.020809	0.003902	-0.044869	-0.001951	0.013006	
mp:2017-08-15_23.00.00.News.COM_ENM.CRU	CRU	2017-08-15T23:00:00.000Z	News	2.2.19	11524.7	0.284891	-0.326082	-0.011020	0.009718	0.001085	0.000803	0.004946	-0.029111	0.061260	0.070414	-0.011150	0.008764	0.142019	0.001475	-0.000260	-0.003341	-0.000130	0.053850	0.000087	-0.002777	0.000260	-0.006074	-0.001215	0.002256	
mp:2017-08-15_23.00.00.News.COM_ENM.BIOETH	BIOETH	2017-08-15T23:00:00.000Z	News	2.2.19	168.2	0.004158	-0.154578	0.017836		0.005945		0.026754	0.014863	0.029727	0.080262	0.011891	0.041617	0.105232	0.038644				0.078478		0.059453		-0.005945			
mp:2017-08-15_23.00.00.News.COM_ENM.MOG	MOG	2017-08-15T23:00:00.000Z	News	2.2.19	2543.3	0.062870	-0.157866	0.003539	0.030276		0.008355	0.024378	0.001769	0.055833	0.057799	-0.000590	0.024968	0.149068	0.008847		0.008650	0.007864	0.035308	0.000393	0.004718		0.030669	-0.001180	0.000393	
mp:2017-08-15_23.00.00.News.COM_ENM.GOL	GOL	2017-08-15T23:00:00.000Z	News	2.2.19	10058.7	0.248652	-0.221649	-0.015559	0.009743	0.003877	0.002734	0.019933	-0.008450	0.024606	0.093849	0.005120	0.025103	0.185116	0.006313	-0.001491	0.000298	0.000199	0.025142	0.000497	0.001939		-0.019983	-0.001243	0.008600	
mp:2017-08-15_23.00.00.News.COM_ENM.HOIL	HOIL	2017-08-15T23:00:00.000Z	News	2.2.19	138.2	0.003416	-0.296671									0.028944		0.111795			0.000000	0.043415	0.001447	-0.007236			0.086831			
mp:2017-08-15_23.00.00.News.COM_ENM.IRN	IRN	2017-08-15T23:00:00.000Z	News	2.2.19	2148.8	0.053118	-0.214538	-0.010704	0.014194	0.001862	0.004537	0.030715	0.012798	0.051424	0.083535	0.000000	0.012798	0.156227	-0.013961		-0.024432	-0.000931	0.020430	-0.000465	-0.019080		-0.015125	0.004188	0.002327	
mp:2017-08-15_23.00.00.News.COM_ENM.JET	JET	2017-08-15T23:00:00.000Z	News	2.2.19	186.2	0.004603	-0.214823						-0.053706		0.021482	0.064447	0.010741	0.051289			0.010741		0.009667				0.118153			
mp:2017-08-15_23.00.00.News.COM_ENM.LNG	LNG	2017-08-15T23:00:00.000Z	News	2.2.19	56.4	0.001394	-0.195035	-0.070922					0.106383	0.035461	0.088652	0.035461		0.192376	-0.124113		0.017730		0.007092							
mp:2017-08-15_23.00.00.News.COM_ENM.NAP	NAP	2017-08-15T23:00:00.000Z	News	2.2.19	48.0	0.001187	-0.125000						-0.020833	-0.020833	-0.041667			-0.125000					0.583333							
mp:2017-08-15_23.00.00.News.COM_ENM.NGS	NGS	2017-08-15T23:00:00.000Z	News	2.2.19	1832.4	0.045297	-0.078858	-0.001637	0.001637	0.001091	0.001910	0.031107	-0.007095	0.047479	0.108874	0.010642	0.024558	0.156161	0.004366		0.002183		0.039238	0.023466	0.015281		0.001637	-0.001091	0.015281	
mp:2017-08-15_23.00.00.News.COM_ENM.NKL	NKL	2017-08-15T23:00:00.000Z	News	2.2.19	417.7	0.010326	-0.468039	-0.047881				0.007182	-0.014364	0.059852	0.083792	0.014364		0.119284	0.002394				0.017237		-0.014364		0.081398			
mp:2017-08-15_23.00.00.News.COM_ENM.NSEA	NSEA	2017-08-15T23:00:00.000Z	News	2.2.19	1127.7	0.027877	-0.428305	-0.023056	0.005321			0.001774	-0.061186	0.050545	0.062960	-0.037244	0.004434	0.151038	-0.002660		-0.000887		0.070675		-0.000887		0.015962	0.007094		
mp:2017-08-15_23.00.00.News.COM_ENM.PALL	PALL	2017-08-15T23:00:00.000Z	News	2.2.19	94.0	0.002324	-0.414894	0.053191					0.031915					0.223404					0.053191							
mp:2017-08-15_23.00.00.News.COM_ENM.PLAT	PLAT	2017-08-15T23:00:00.000Z	News	2.2.19	263.5	0.006514	-0.278937	0.003795		0.022770	0.002846	0.030361	0.041746	0.030361	0.030361	0.007590	0.018975	0.213947			0.003795		0.015180		0.003795		-0.003795			
mp:2017-08-15_23.00.00.News.COM_ENM.RAREE	RAREE	2017-08-15T23:00:00.000Z	News	2.2.19	109.0	0.002694	-0.041284	-0.055046			0.009174	0.073394	-0.087156		0.146789	-0.009174	0.055046	0.133028					0.027523		-0.064220		-0.073394	-0.055046		
mp:2017-08-15_23.00.00.News.COM_ENM.SLVR	SLVR	2017-08-15T23:00:00.000Z	News	2.2.19	1230.4	0.030416	-0.050390	-0.002032	0.002438		0.004064	0.041044	-0.009347	0.036573	0.037793	0.010972	0.047139	0.148488	-0.000406	0.000813	0.002438	0.000813	0.066808	0.001625	0.004876		0.005689		0.023570	
mp:2017-08-15_23.00.00.News.COM_ENM.STEE	STEE	2017-08-15T23:00:00.000Z	News	2.2.19	3488.0	0.086224	-0.175029	-0.012328	0.020786	0.000573	0.010249	0.025516	-0.006881	0.047735	0.067947	0.013761	0.013618	0.159805	-0.005161	0.000573	0.006881	0.001147	0.027380	0.000287	0.015052	0.003154	0.007597	-0.001577		
mp:2017-08-15_23.00.00.News.COM_ENM.URAN	URAN	2017-08-15T23:00:00.000Z	News	2.2.19	54.0	0.001335	-0.277778	0.018519			0.004630	0.092593	0.055556		0.074074	0.037037	0.018519	0.180556	-0.037037										0.018519	
mp:2017-08-15_23.00.00.Social.COM_ENM.ALU	ALU	2017-08-15T23:00:00.000Z	Social	2.2.19	306.0	0.031639	-0.057190	-0.040850			-0.005719	0.039216	-0.014706	0.019608	0.049020	0.000000	0.019608	0.190359	0.001634	0.003268	0.000000	-0.013072		0.013072	0.003268		-0.009804			
mp:2017-08-15_23.00.00.Social.COM_ENM.BIOF	BIOF	2017-08-15T23:00:00.000Z	Social	2.2.19	10.0	0.001034	0.200000	0.200000					0.100000					0.100000					0.300000							
mp:2017-08-15_23.00.00.Social.COM_ENM.COA	COA	2017-08-15T23:00:00.000Z	Social	2.2.19	875.0	0.090472	-0.113714	0.006857	0.005143	0.003429	0.002143	0.052000	0.018857	0.016000	0.081714	0.016000	0.021143	0.157286	0.001143	-0.001143	0.004000		0.032000	0.001143	0.011429	0.002286	-0.000571	-0.002286	0.003429	0.001143
mp:2017-08-15_23.00.00.Social.COM_ENM.CPPR	CPPR	2017-08-15T23:00:00.000Z	Social	2.2.19	302.5	0.031277	-0.029752	0.021488		0.026446	0.003306	0.023140	0.016529	0.009917	0.044628	0.001653	0.023140	0.166529	0.009917	0.009917	0.033058		0.026446		-0.008264		-0.024793		0.009917	
mp:2017-08-15_23.00.00.Social.COM_ENM.CRU	CRU	2017-08-15T23:00:00.000Z	Social	2.2.19	1483.0	0.153337	-0.221848	-0.009103	0.006743	0.005394	0.000927	0.015509	-0.010452	0.051922	0.077208	-0.001686	0.013486	0.151129	0.004046	-0.002023	-0.003372	-0.002023	0.022927	-0.000674	0.007417	0.000674	0.002023	-0.002697	0.001349	0.000674
mp:2017-08-15_23.00.00.Social.COM_ENM.BIOETH	BIOETH	2017-08-15T23:00:00.000Z	Social	2.2.19	75.0	0.007755	0.220000	0.013333			0.033333		0.000000	-0.013333	0.053333			0.093333	-0.006667		0.013333			0.013333	0.026667		-0.093333			
mp:2017-08-15_23.00.00.Social.COM_ENM.MOG	MOG	2017-08-15T23:00:00.000Z	Social	2.2.19	301.6	0.031184	-0.064655	-0.001658	0.003316	0.003316	0.008289	0.013263	-0.001658	0.049735	0.066313	-0.014920	0.009947	0.141412	-0.003316	-0.006631	0.003316	-0.006631	0.042772		0.028183		0.003316	-0.006631	0.003316	
mp:2017-08-15_23.00.00.Social.COM_ENM.GOL	GOL	2017-08-15T23:00:00.000Z	Social	2.2.19	2657.9	0.274818	-0.111930	0.004139	0.004703	0.013168	0.005549	0.024455	0.003198	0.024644	0.060950	0.016178	0.018812	0.163127	0.019564	0.002822	0.002822	0.000752	0.035968	0.000000	-0.000752		-0.010723	0.000752	0.005079	
mp:2017-08-15_23.00.00.Social.COM_ENM.HOIL	HOIL	2017-08-15T23:00:00.000Z	Social	2.2.19	4.0	0.000414	0.500000				0.125000							0.250000												
mp:2017-08-15_23.00.00.Social.COM_ENM.IRN	IRN	2017-08-15T23:00:00.000Z	Social	2.2.19	577.5	0.059712	-0.245887	0.006926		0.000866	-0.000866	0.038095	0.025108	0.027706	0.058874	-0.011255	0.010390	0.152597	0.000000		-0.006926		0.043290		-0.001732		-0.029437			
mp:2017-08-15_23.00.00.Social.COM_ENM.JET	JET	2017-08-15T23:00:00.000Z	Social	2.2.19	15.0	0.001551	0.133333	0.333333										0.183333					0.066667				-0.066667			
mp:2017-08-15_23.00.00.Social.COM_ENM.LNG	LNG	2017-08-15T23:00:00.000Z	Social	2.2.19	164.2	0.016978	-0.045676	0.000000			0.003045		0.000000	0.036541	0.021315	0.133983	0.012180	0.127588	0.042631	0.012180	-0.024361		0.025579		0.012180		0.030451	0.006090	0.012180	
mp:2017-08-15_23.00.00.Social.COM_ENM.NGS	NGS	2017-08-15T23:00:00.000Z	Social	2.2.19	515.9	0.053342	-0.159915	0.003877	0.005815	0.001938	0.002908	0.014538	0.016476	0.029075	0.079473	0.047490	0.025199	0.127399	0.021322	0.003877	-0.001938		0.056019	0.013569	0.020353		0.014538	0.001938	0.003877	
mp:2017-08-15_23.00.00.Social.COM_ENM.NKL	NKL	2017-08-15T23:00:00.000Z	Social	2.2.19	216.0	0.022334	-0.131944	0.050926		0.004630	0.006944	0.004630	0.030093	0.032407	0.050926	-0.030093	0.069444	0.192708	0.000000	0.004630			0.023148		0.006944		-0.006944		0.009259	
mp:2017-08-15_23.00.00.Social.COM_ENM.NSEA	NSEA	2017-08-15T23:00:00.000Z	Social	2.2.19	64.0	0.006617	-0.515625					0.062500	-0.031250		0.093750	-0.046875	0.046875	0.195313			-0.031250									
mp:2017-08-15_23.00.00.Social.COM_ENM.PALL	PALL	2017-08-15T23:00:00.000Z	Social	2.2.19	45.0	0.004653	0.155556							0.044444	0.022222	-0.066667	0.022222	0.127778	0.000000						0.177778					
mp:2017-08-15_23.00.00.Social.COM_ENM.PLAT	PLAT	2017-08-15T23:00:00.000Z	Social	2.2.19	315.8	0.032653	-0.262825	0.028499		0.009500	0.003958	0.009500	0.012666	0.025332	0.047498	0.009500	0.031666	0.190152	0.041165				0.015199							
mp:2017-08-15_23.00.00.Social.COM_ENM.RAREE	RAREE	2017-08-15T23:00:00.000Z	Social	2.2.19	71.0	0.007341	0.126761	0.084507			0.021127	0.028169	0.028169			0.042254	0.112676	0.137324			0.154930		0.084507							
mp:2017-08-15_23.00.00.Social.COM_ENM.SLVR	SLVR	2017-08-15T23:00:00.000Z	Social	2.2.19	616.4	0.063734	-0.098962	-0.008112		0.011356	0.003245	0.055970	0.024335	0.030824	0.057592	0.047047	0.024335	0.148645	0.008112	0.006489	0.011356	0.003245	0.042180	0.000000	-0.008112		0.005678	0.003245	0.001622	
mp:2017-08-15_23.00.00.Social.COM_ENM.STEE	STEE	2017-08-15T23:00:00.000Z	Social	2.2.19	973.2	0.100626	-0.167489	-0.061139	0.008734	0.003083	-0.003853	0.032881	0.022092	0.029285	0.071928	0.023633	0.030312	0.180282	0.002569		0.009248	-0.004110	0.015619		0.003083	0.001028	-0.004110	-0.001028		
mp:2017-08-15_23.00.00.Social.COM_ENM.URAN	URAN	2017-08-15T23:00:00.000Z	Social	2.2.19	82.5	0.008530	-0.096970	-0.006061			0.006061	0.024242	-0.030303	0.036364	0.090909	-0.048485	-0.012121	0.163636	-0.036364	-0.012121	0.024242		0.006061							